Course,Professor,GPA,% of A's,% of B's,% of C's,% of D's,% of F's,N
ELIC-100,,,,,,,
,COOPER B,2.11,0.0%,44.44%,33.33%,11.11%,11.11%,1
,DAVIS S,2.06,2.56333333333%,36.05%,31.6333333333%,25.3266666667%,4.42%,3
,FLACY K,2.0,0.0%,32.54%,43.65%,14.68%,9.125%,2
,GREINER K,2.5,3.845%,69.23%,11.54%,3.845%,11.535%,2
,MCINTYRE C,1.72,2.38%,32.47%,21.6466666667%,21.43%,22.0766666667%,3
,PULAK S,2.56,11.11%,55.56%,22.22%,0.0%,11.11%,1
,ROCHA R,3.0,16.67%,66.67%,16.67%,0.0%,0.0%,1
,SCHLOTTMAN A,2.41,5.88%,47.06%,35.29%,5.88%,5.88%,1
,STURGEON S,0.93,0.0%,14.29%,14.29%,21.43%,50.0%,1
,VACHTSEVANOU S,1.75,0.0%,33.33%,33.33%,8.33%,25.0%,1
,VERNON T,2.66,17.26%,51.34%,18.1025%,6.5975%,6.6975%,4
,WILLAERT A,2.08,7.69%,38.46%,23.08%,15.38%,15.38%,1
,,,,,,,
ELIC-200,,,,,,,
,DAVIS S,2.21,10.0%,23.33%,47.78%,15.555%,3.335%,2
,DOWNEY M,2.67,0.0%,66.67%,33.33%,0.0%,0.0%,1
,DZIUBINSKI I,3.02,6.25%,89.585%,4.165%,0.0%,0.0%,2
,FLACY K,2.56,6.25%,50.0%,37.5%,6.25%,0.0%,1
,GREINER K,1.95,2.08333333333%,41.0966666667%,30.61%,2.56333333333%,23.6466666667%,3
,MCINTYRE C,2.66,16.1016666667%,48.15%,24.5433333333%,8.30166666667%,2.90333333333%,6
,PETERS R,3.13,18.75%,75.0%,6.25%,0.0%,0.0%,1
,SUROVIK R,2.56,6.25%,56.25%,31.25%,0.0%,6.25%,1
,VERNON T,2.86,20.0%,62.5%,9.165%,0.0%,8.335%,2
,YOUNG L,2.34,0.0%,63.45%,19.165%,5.355%,12.02%,2
,,,,,,,
ELIC-250,,,,,,,
,FLACY K,1.64,0.0%,35.71%,28.57%,0.0%,35.71%,1
,GREINER K,2.44,8.636%,53.368%,21.888%,5.302%,10.804%,5
,PAYNE G,2.08,3.38714285714%,45.8428571429%,24.5957142857%,7.85714285714%,18.3157142857%,7
,PETERS R,2.02,10.0%,45.225%,4.545%,17.045%,23.18%,2
,PULAK S,2.79,17.245%,59.775%,15.4275%,0.0%,7.55%,4
,ROCHA R,3.0,33.33%,44.44%,11.11%,11.11%,0.0%,1
,,,,,,,
ELIC-300,,,,,,,
,BRYAN K,2.58,0.0%,68.42%,26.32%,0.0%,5.26%,1
,CARRUTHERS S,2.74,10.9275%,64.7875%,16.505%,2.5%,5.2775%,4
,COOPER B,2.61,11.11%,61.3466666667%,14.2066666667%,3.70333333333%,9.63%,3
,DOWNEY M,2.29,5.18857142857%,42.7442857143%,36.63%,6.11714285714%,9.31857142857%,7
,DZIUBINSKI I,2.7,4.71333333333%,61.5%,32.7133333333%,1.07666666667%,0.0%,3
,FLACY K,2.75,11.11%,66.92%,14.645%,0.0%,7.325%,2
,GREINER K,2.4,3.845%,55.6975%,27.1975%,2.5575%,10.7025%,4
,PETERS R,2.61,0.0%,72.86%,20.2075%,1.6125%,5.315%,4
,PULAK S,2.73,7.40571428571%,75.7471428571%,6.84857142857%,2.38857142857%,7.60714285714%,7
,SUROVIK R,1.8,0.0%,50.0%,10.0%,10.0%,30.0%,1
,ULBRICH M,2.39,1.04%,60.325%,25.095%,3.125%,10.415%,2
,VERNON T,2.6,13.33%,60.0%,13.33%,0.0%,13.33%,1
,,,,,,,
ELID-100,,,,,,,
,DAVIS S,3.02,59.76%,6.69666666667%,18.5833333333%,5.88333333333%,9.07666666667%,3
,GREINER K,3.27,71.1816666667%,12.1483333333%,0.98%,3.84666666667%,11.8416666667%,6
,MAKAL T,4.0,100.0%,0.0%,0.0%,0.0%,0.0%,1
,MCINTYRE C,3.63,73.268%,19.748%,3.65%,3.334%,0.0%,5
,PERLMAN R,3.59,64.71%,29.41%,5.88%,0.0%,0.0%,1
,VERNON T,2.88,70.59%,0.0%,0.0%,5.88%,23.53%,1
,WILLAERT A,3.04,50.602%,23.682%,11.714%,6.666%,7.334%,5
,,,,,,,
ELID-200,,,,,,,
,DOWNEY M,3.0,0.0%,100.0%,0.0%,0.0%,0.0%,1
,,,,,,,
ELIE-100,,,,,,,
,COX L,4.0,100.0%,0.0%,0.0%,0.0%,0.0%,1
,,,,,,,
ELIE-200,,,,,,,
,SEARS M,3.45,72.73%,18.18%,0.0%,0.0%,9.09%,1
,,,,,,,
ELIE-300,,,,,,,
,MAKAL T,3.0,45.45%,27.27%,18.18%,0.0%,9.09%,1
,,,,,,,
ELIG-100,,,,,,,
,FLACY K,2.79,22.41%,53.7533333333%,10.0633333333%,6.98%,6.79%,3
,GREINER K,2.65,14.38%,50.98%,22.875%,8.825%,2.94%,2
,MANSON P,2.0,0.0%,31.25%,50.0%,6.25%,12.5%,1
,PETERS R,2.63,35.3266666667%,25.3566666667%,20.2266666667%,5.12666666667%,13.96%,3
,VACHTSEVANOU S,2.93,34.23%,40.385%,13.845%,7.69%,3.845%,2
,VERNON T,2.73,18.18%,54.55%,18.18%,0.0%,9.09%,1
,WILLAERT A,2.73,31.91%,33.555%,17.765%,8.88%,7.895%,2
,WINSTON V,2.08,7.69%,46.15%,15.38%,7.69%,23.08%,1
,,,,,,,
ELIG-200,,,,,,,
,CHICK N,2.75,37.5%,31.25%,12.5%,6.25%,12.5%,1
,CLARK K,2.39,0.0%,61.11%,22.22%,11.11%,5.56%,1
,MANSON P,2.33,0.0%,59.26%,22.22%,11.11%,7.41%,1
,PAYNE G,2.67,19.9528571429%,48.7557142857%,15.71%,7.97714285714%,7.60142857143%,7
,PETERS R,2.86,28.57%,38.1%,28.57%,0.0%,4.76%,1
,RAGUCCI S,3.0,26.67%,53.33%,13.33%,6.67%,0.0%,1
,,,,,,,
ELIG-250,,,,,,,
,BRYAN K,2.81,16.13%,54.84%,25.81%,0.0%,3.23%,1
,COOPER B,2.61,13.635%,52.275%,18.75%,12.215%,3.125%,2
,DZIUBINSKI I,3.31,40.4%,55.055%,0.0%,4.545%,0.0%,2
,FLACY K,2.3,10.0%,30.0%,40.0%,20.0%,0.0%,1
,GREINER K,2.62,4.76%,66.67%,19.05%,4.76%,4.76%,1
,MANSON P,2.23,0.0%,47.06%,41.18%,0.0%,11.76%,1
,STURGEON S,2.37,15.9866666667%,37.3433333333%,21.3433333333%,18.2466666667%,7.07333333333%,3
,VACHTSEVANOU S,3.08,35.4166666667%,46.53%,13.1966666667%,0.0%,4.86%,3
,,,,,,,
ELIG-300,,,,,,,
,COOPER B,2.34,9.621%,47.651%,21.205%,9.96%,11.562%,10
,FLACY K,3.0,22.22%,55.56%,22.22%,0.0%,0.0%,1
,,,,,,,
ELIK-100,,,,,,,
,MAKAL T,2.55,27.27%,36.36%,9.09%,18.18%,9.09%,1
,,,,,,,
ELIL-100,,,,,,,
,CARDOSO D,3.33,66.67%,11.11%,11.11%,11.11%,0.0%,1
,COOPER B,2.85,35.0%,45.0%,5.0%,0.0%,15.0%,1
,HARPER K,2.71,40.4%,24.745%,14.645%,5.555%,14.645%,2
,HINSON C,3.05,31.82%,54.55%,4.55%,4.55%,4.55%,1
,WILLAERT A,2.64,27.27%,36.36%,18.18%,9.09%,9.09%,1
,WINSTON V,2.25,24.2628571429%,30.1214285714%,12.5185714286%,12.7671428571%,20.33%,7
,,,,,,,
ELIL-200,,,,,,,
,CHICK N,3.22,44.44%,33.33%,22.22%,0.0%,0.0%,1
,MCINTYRE C,2.55,16.375%,46.2%,23.975%,2.63%,10.82%,2
,ROCHA R,2.78,33.33%,44.44%,0.0%,11.11%,11.11%,1
,VACHTSEVANOU S,2.74,10.53%,63.16%,15.79%,10.53%,0.0%,1
,VERNON T,3.22,38.89%,44.44%,16.67%,0.0%,0.0%,1
,WEST V,2.78,31.12%,38.976%,12.268%,12.726%,4.906%,5
,WINSTON V,2.65,28.3833333333%,38.9633333333%,10.9733333333%,14.0%,7.68%,3
,YOUNG L,2.38,3.85%,61.54%,11.54%,11.54%,11.54%,1
,,,,,,,
ELIL-250,,,,,,,
,STURGEON S,2.33,25.0%,33.33%,0.0%,33.33%,8.33%,1
,VERNON T,3.55,54.55%,45.45%,0.0%,0.0%,0.0%,1
,WEST V,2.89,27.78%,38.89%,27.78%,5.56%,0.0%,1
,WILLAERT A,2.41,12.0383333333%,51.8466666667%,12.8783333333%,11.5183333333%,11.7216666667%,6
,WINSTON V,2.74,16.665%,59.615%,12.18%,3.845%,7.69%,2
,,,,,,,
ELIL-300,,,,,,,
,CARRUTHERS S,2.61,28.43%,31.7628571429%,21.5457142857%,9.50857142857%,8.75428571429%,7
,STURGEON S,1.71,8.076%,32.94%,13.314%,13.076%,32.592%,5
,WILLAERT A,3.14,22.545%,68.63%,8.825%,0.0%,0.0%,2
,,,,,,,
ELIM-100,,,,,,,
,COX L,2.57,42.86%,28.57%,0.0%,0.0%,28.57%,1
,,,,,,,
ELIO-100,,,,,,,
,CHICK N,2.28,5.83333333333%,57.2616666667%,14.0483333333%,5.0%,17.8566666667%,6
,FLACY K,2.35,0.0%,51.905%,34.52%,10.235%,3.335%,2
,GARVER R,2.71,14.29%,42.86%,42.86%,0.0%,0.0%,1
,HARPER K,2.75,25.0%,50.0%,12.5%,0.0%,12.5%,1
,PERLMAN R,2.12,0.0%,56.365%,17.88%,6.665%,19.09%,2
,STURGEON S,2.45,22.5%,32.5%,22.5%,12.5%,10.0%,2
,VACHTSEVANOU S,2.76,16.0%,56.0%,20.0%,4.0%,4.0%,1
,WEST V,2.56,11.11%,55.56%,11.11%,22.22%,0.0%,1
,WILLAERT A,2.2,4.195%,59.39%,7.5525%,9.475%,19.38%,4
,,,,,,,
ELIO-200,,,,,,,
,ASBERRY E,3.0,0.0%,100.0%,0.0%,0.0%,0.0%,1
,CHICK N,1.55,9.09%,36.36%,0.0%,9.09%,45.45%,1
,HARPER K,2.54,18.52%,55.56%,3.7%,3.7%,18.52%,1
,MANSON P,1.97,3.57%,34.765%,34.05%,10.235%,17.38%,2
,PAYNE G,2.75,25.0%,50.0%,12.5%,0.0%,12.5%,1
,PERLMAN R,2.93,21.43%,64.29%,7.14%,0.0%,7.14%,1
,STURGEON S,2.3,8.825%,37.91%,36.275%,8.495%,8.495%,2
,SUROVIK R,2.11,0.0%,55.56%,11.11%,22.22%,11.11%,1
,VERNON T,2.83,8.335%,79.165%,4.165%,4.165%,4.165%,2
,WEST V,2.49,5.932%,59.06%,20.754%,5.304%,8.948%,5
,WINSTON V,2.55,5.0%,65.0%,15.0%,10.0%,5.0%,2
,,,,,,,
ELIO-250,,,,,,,
,CARRUTHERS S,2.06,0.0%,41.18%,35.29%,11.76%,11.76%,1
,CHICK N,1.67,8.33%,33.33%,8.33%,16.67%,33.33%,1
,PETERS R,2.69,6.25%,75.0%,6.25%,6.25%,6.25%,1
,PULAK S,2.91,0.0%,90.91%,9.09%,0.0%,0.0%,1
,STURGEON S,1.62,2.0825%,27.6175%,21.6675%,27.3825%,21.25%,4
,WEST V,2.48,5.3575%,65.1175%,8.69%,13.93%,6.905%,4
,WINSTON V,2.17,0.0%,58.335%,10.555%,21.11%,10.0%,2
,,,,,,,
ELIO-300,,,,,,,
,CARRUTHERS S,2.77,12.5425%,62.6025%,17.94%,3.3475%,3.57%,4
,COOPER B,2.19,3.12125%,53.41875%,15.7875%,14.21625%,13.45625%,8
,PULAK S,2.78,11.675%,67.64%,13.5733333333%,1.19%,5.92333333333%,6
,STURGEON S,1.45,0.0%,18.18%,36.36%,18.18%,27.27%,1
,WEST V,2.2,0.0%,60.0%,10.0%,20.0%,10.0%,1
,,,,,,,
ELIP-100,,,,,,,
,SEARS M,2.82,27.27%,45.45%,18.18%,0.0%,9.09%,1
,,,,,,,
ELIR-100,,,,,,,
,CARDOSO D,2.67,22.22%,44.44%,22.22%,0.0%,11.11%,1
,CHICK N,1.7,8.93%,21.5266666667%,20.3566666667%,29.2466666667%,19.94%,3
,COOPER B,1.85,23.08%,23.08%,7.69%,7.69%,38.46%,1
,DZIUBINSKI I,1.31,0.0%,23.08%,23.08%,15.38%,38.46%,1
,GARVER R,3.38,50.0%,37.5%,12.5%,0.0%,0.0%,1
,PERLMAN R,2.08,0.0%,41.67%,33.33%,16.67%,8.33%,1
,VERNON T,2.44,25.395%,36.505%,9.125%,14.285%,14.68%,2
,WINSTON V,2.14,18.9157142857%,32.1457142857%,13.4128571429%,14.7514285714%,20.7742857143%,7
,,,,,,,
ELIR-200,,,,,,,
,CHICK N,1.8,8.89%,26.6666666667%,24.4433333333%,15.5566666667%,24.4433333333%,3
,HARPER K,2.82,23.335%,51.665%,16.665%,0.0%,8.335%,2
,MANSON P,2.2,2.275%,41.475%,32.955%,20.17%,3.125%,2
,MCINTYRE C,2.57,4.76%,47.62%,47.62%,0.0%,0.0%,1
,VACHTSEVANOU S,2.74,27.4066666667%,41.48%,14.5066666667%,10.8033333333%,5.80333333333%,3
,VERNON T,2.63,20.186%,48.49%,14.014%,9.056%,8.256%,5
,WINSTON V,2.44,28.01%,29.18%,15.89%,11.54%,15.385%,2
,YOUNG L,2.43,0.0%,57.14%,35.71%,0.0%,7.14%,1
,,,,,,,
ELIR-250,,,,,,,
,COOPER B,2.14,8.335%,38.885%,25.0%,13.89%,13.89%,2
,PETERS R,2.88,36.605%,29.085%,28.43%,2.94%,2.94%,2
,RAGUCCI S,3.0,16.67%,75.0%,0.0%,8.33%,0.0%,1
,VACHTSEVANOU S,3.08,30.77%,61.54%,0.0%,0.0%,7.69%,1
,VERNON T,2.81,26.24%,45.735%,17.3625%,3.97%,6.69%,4
,WINSTON V,3.33,44.44%,44.44%,11.11%,0.0%,0.0%,1
,YOUNG L,2.39,8.335%,47.225%,25.0%,13.89%,5.555%,2
,,,,,,,
ELIR-300,,,,,,,
,CARRUTHERS S,2.21,8.95571428571%,45.1914285714%,18.6614285714%,11.9814285714%,15.2085714286%,7
,DZIUBINSKI I,2.52,10.252%,61.752%,10.616%,4.738%,12.642%,5
,FLACY K,2.18,18.18%,36.36%,18.18%,0.0%,27.27%,1
,PAYNE G,2.63,37.5%,25.0%,12.5%,12.5%,12.5%,1
,PETERS R,2.46,19.615%,47.125%,7.175%,11.72%,14.355%,2
,WINSTON V,3.0,23.08%,69.23%,0.0%,0.0%,7.69%,1
,,,,,,,
ELIT-300,,,,,,,
,BRYAN K,4.0,100.0%,0.0%,0.0%,0.0%,0.0%,1
,GREINER K,4.0,100.0%,0.0%,0.0%,0.0%,0.0%,1
,,,,,,,
ELIV-100,,,,,,,
,ASBERRY E,2.6,40.0%,20.0%,20.0%,0.0%,20.0%,1
,CARDOSO D,3.44,66.67%,22.22%,0.0%,11.11%,0.0%,1
,DAVIS S,2.36,33.9566666667%,18.7233333333%,10.7233333333%,23.93%,12.6633333333%,3
,HARPER K,2.08,8.33%,33.33%,25.0%,25.0%,8.33%,1
,PAYNE G,2.54,38.46%,30.77%,0.0%,7.69%,23.08%,1
,PERLMAN R,2.79,36.54%,30.34%,20.94%,0.0%,12.18%,2
,RAMER M,2.53,17.65%,41.18%,17.65%,23.53%,0.0%,1
,VERNON T,3.0,55.56%,16.67%,11.11%,5.56%,11.11%,1
,WILLAERT A,2.44,15.1133333333%,45.94%,16.4233333333%,12.7366666667%,9.78666666667%,3
,,,,,,,
ELIV-200,,,,,,,
,DAVIS S,2.67,22.22%,38.89%,22.22%,16.67%,0.0%,1
,DZIUBINSKI I,3.16,23.295%,69.035%,7.67%,0.0%,0.0%,2
,FLACY K,2.21,21.43%,14.29%,42.86%,7.14%,14.29%,1
,GREINER K,2.07,6.67%,46.67%,6.67%,26.67%,13.33%,1
,MCINTYRE C,2.47,20.835%,33.33%,26.39%,11.115%,8.335%,2
,STURGEON S,2.41,27.92%,34.09%,13.635%,0.0%,24.35%,2
,VACHTSEVANOU S,2.5,20.5066666667%,43.6366666667%,11.06%,15.91%,8.89%,3
,VERNON T,2.65,23.53%,41.18%,23.53%,0.0%,11.76%,1
,WILLAERT A,2.25,21.21%,37.625%,8.335%,10.1%,22.725%,2
,WINSTON V,3.04,46.875%,31.25%,8.335%,6.25%,7.29%,2
,,,,,,,
ELIV-250,,,,,,,
,PAYNE G,2.73,28.0216666667%,44.78%,10.9183333333%,5.18833333333%,11.0833333333%,6
,PETERS R,2.35,30.0%,30.0%,5.0%,15.0%,20.0%,1
,PULAK S,3.31,36.43%,58.57%,5.0%,0.0%,0.0%,2
,STURGEON S,1.5,0.0%,33.33%,16.67%,16.67%,33.33%,1
,VERNON T,3.3,57.5%,30.0%,2.5%,5.0%,5.0%,2
,,,,,,,
ELIV-300,,,,,,,
,DZIUBINSKI I,2.71,23.75%,55.05%,4.44333333333%,2.22333333333%,14.5333333333%,3
,PULAK S,2.74,34.4222222222%,34.7111111111%,11.8577777778%,8.49666666667%,10.5111111111%,9
,RAGUCCI S,2.75,8.33%,75.0%,0.0%,16.67%,0.0%,1
,ULBRICH M,3.13,43.75%,37.5%,12.5%,0.0%,6.25%,1
,,,,,,,
