Course,Professor,GPA,% of A's,% of B's,% of C's,% of D's,% of F's,N
AERS-101,,,,,,,
,JORDAN C,3.75,78.09%,20.85%,0.0%,0.35%,0.71%,1
,CANTRELL C,3.76,77.29%,21.525%,1.185%,0.0%,0.0%,2
,ARCHER J,3.77,79.76%,17.26%,1.79%,1.19%,0.0%,1
,,,,,,,
AERS-102,,,,,,,
,MCCLANAHAN R,3.95,95.45%,3.9%,0.65%,0.0%,0.0%,1
,HAGUE M,3.7,71.775%,26.885%,1.115%,0.0%,0.225%,2
,CANTRELL C,3.9,90.205%,9.795%,0.0%,0.0%,0.0%,2
,ARCHER J,3.78,81.71%,16.57%,0.57%,0.0%,1.14%,1
,,,,,,,
AERS-105,,,,,,,
,ROWLEY M,3.99,98.81%,0.99%,0.2%,0.0%,0.0%,1
,,,,,,,
AERS-106,,,,,,,
,COHN W,3.96,99.4%,0.0%,0.0%,0.0%,0.6%,1
,,,,,,,
AERS-201,,,,,,,
,MCCLANAHAN R,3.96,96.5%,2.8%,0.7%,0.0%,0.0%,1
,KOSTER B,3.63,70.06%,26.95%,1.8%,0.0%,1.2%,1
,ARCHER J,3.7,77.14%,19.59%,1.22%,1.63%,0.41%,1
,,,,,,,
AERS-202,,,,,,,
,MCCLANAHAN R,3.8,81.95%,17.29%,0.75%,0.0%,0.0%,1
,KOSTER B,3.76,82.12%,14.66%,1.0%,1.0%,1.22%,2
,ROWLEY M,3.82,82.05%,17.95%,0.0%,0.0%,0.0%,1
,SISSON S,3.71,75.0%,22.06%,2.94%,0.0%,0.0%,1
,,,,,,,
AERS-303,,,,,,,
,SANGER N,3.91,94.12%,2.94%,2.94%,0.0%,0.0%,2
,ROWLEY M,4.0,100.0%,0.0%,0.0%,0.0%,0.0%,1
,,,,,,,
AERS-304,,,,,,,
,SANGER N,4.0,100.0%,0.0%,0.0%,0.0%,0.0%,2
,ROWLEY M,4.0,100.0%,0.0%,0.0%,0.0%,0.0%,1
,SAGENDORPH W,3.93,92.86%,7.14%,0.0%,0.0%,0.0%,1
,,,,,,,
AERS-403,,,,,,,
,MCCLANAHAN R,4.0,100.0%,0.0%,0.0%,0.0%,0.0%,1
,CANTRELL C,4.0,100.0%,0.0%,0.0%,0.0%,0.0%,1
,SISSON S,3.95,95.12%,4.88%,0.0%,0.0%,0.0%,1
,ARCHER J,3.92,90.0%,10.0%,0.0%,0.0%,0.0%,1
,,,,,,,
AERS-404,,,,,,,
,MCCLANAHAN R,4.0,100.0%,0.0%,0.0%,0.0%,0.0%,1
,COHN W,3.73,82.76%,13.79%,0.0%,0.0%,3.45%,1
,SISSON S,3.94,94.12%,5.88%,0.0%,0.0%,0.0%,1
,ARCHER J,3.98,97.62%,2.38%,0.0%,0.0%,0.0%,1
,,,,,,,
AERS-485,,,,,,,
,COHN W,4.0,100.0%,0.0%,0.0%,0.0%,0.0%,1
,,,,,,,
MLSC-121,,,,,,,
,NICKEL J,3.02,28.34%,51.87%,15.51%,2.67%,1.6%,1
,FRENCH B,3.76,86.36%,8.64%,1.82%,1.36%,1.82%,1
,STOERMER G,3.84,85.35%,13.64%,0.51%,0.0%,0.51%,1
,,,,,,,
MLSC-122,,,,,,,
,NICKEL J,3.54,64.16%,26.55%,7.52%,1.77%,0.0%,1
,FRENCH B,3.63,73.55%,18.71%,5.73%,1.13%,0.885%,2
,STOERMER G,3.96,95.83%,4.17%,0.0%,0.0%,0.0%,1
,,,,,,,
MLSC-221,,,,,,,
,PETERSON D,3.62,76.15%,13.76%,7.34%,0.92%,1.83%,1
,GEORGE A,3.65,85.15%,8.91%,0.99%,1.98%,2.97%,1
,JENKINS C,3.4,67.31%,22.12%,9.62%,0.96%,0.0%,1
,,,,,,,
MLSC-222,,,,,,,
,PETERSON D,4.0,100.0%,0.0%,0.0%,0.0%,0.0%,1
,GEORGE A,3.97,97.06%,2.94%,0.0%,0.0%,0.0%,1
,JENKINS C,3.76,82.02%,10.11%,7.87%,0.0%,0.0%,1
,REID M,3.55,59.35%,34.19%,3.87%,1.29%,1.29%,1
,,,,,,,
MLSC-321,,,,,,,
,HAFER J,3.49,64.67%,25.47%,6.715%,1.34%,1.8%,2
,KNIGHT J,3.54,65.6%,29.6%,0.8%,0.8%,3.2%,1
,HEATHMAN R,3.43,46.43%,50.0%,3.57%,0.0%,0.0%,1
,,,,,,,
MLSC-322,,,,,,,
,HAFER J,3.46,56.635%,34.66%,6.09%,0.465%,2.16%,2
,KNIGHT J,3.28,45.19%,42.22%,8.15%,2.96%,1.48%,1
,BURRESCIA J,3.23,47.62%,37.3%,10.32%,0.79%,3.97%,1
,,,,,,,
MLSC-421,,,,,,,
,NICKEL J,3.61,65.85%,29.27%,4.88%,0.0%,0.0%,1
,BURRESCIA J,3.72,76.92%,17.95%,5.13%,0.0%,0.0%,1
,SPEAKES G,3.61,82.61%,4.35%,8.7%,0.0%,4.35%,1
,,,,,,,
MLSC-422,,,,,,,
,NICKEL J,3.19,41.94%,45.16%,6.45%,3.23%,3.23%,1
,BURRESCIA J,3.65,72.5%,20.0%,7.5%,0.0%,0.0%,1
,SPEAKES G,3.61,68.095%,27.595%,3.3%,0.0%,1.01%,2
,,,,,,,
MLSC-485,,,,,,,
,RUSSO W,3.89,92.235%,4.36%,3.41%,0.0%,0.0%,2
,BURRESCIA J,3.64,80.595%,7.145%,9.88%,0.0%,2.38%,2
,BROWN L,4.0,100.0%,0.0%,0.0%,0.0%,0.0%,1
,IBARGUEN S,4.0,100.0%,0.0%,0.0%,0.0%,0.0%,1
,REID M,4.0,100.0%,0.0%,0.0%,0.0%,0.0%,1
,,,,,,,
NVSC-101,,,,,,,
,LIEBSCH J,3.38,51.985%,34.645%,12.335%,1.04%,0.0%,2
,TRASK D,3.56,58.54%,39.02%,2.44%,0.0%,0.0%,1
,FLEMING J,3.75,82.69%,13.46%,1.92%,0.0%,1.92%,1
,MURTY J,3.29,51.085%,33.48%,11.805%,0.545%,3.085%,2
,HAMEL A,3.55,56.52%,41.3%,2.17%,0.0%,0.0%,1
,MANSELL H,3.43,55.17%,34.48%,9.2%,0.0%,1.15%,1
,HAYNIE D,3.19,37.21%,46.51%,13.95%,2.33%,0.0%,1
,RONEY F,3.47,56.6%,35.85%,5.66%,1.89%,0.0%,1
,,,,,,,
NVSC-205,,,,,,,
,ADAMS G,3.32,41.67%,48.96%,9.38%,0.0%,0.0%,1
,LIEBSCH J,3.27,49.64%,33.12%,13.3%,3.94%,0.0%,2
,GARCIA O,3.39,60.4666666667%,27.91%,6.73666666667%,0.63%,4.25666666667%,3
,MARRS C,3.92,92.31%,7.69%,0.0%,0.0%,0.0%,1
,STEINBERGER D,3.73,76.4%,20.22%,3.37%,0.0%,0.0%,1
,MURTY J,3.63,68.07%,26.285%,5.645%,0.0%,0.0%,2
,HAYNIE D,3.32,40.48%,52.0066666667%,7.12333333333%,0.0%,0.386666666667%,3
,,,,,,,
NVSC-303,,,,,,,
,KRAUS J,3.68,68.0%,32.0%,0.0%,0.0%,0.0%,1
,,,,,,,
NVSC-320,,,,,,,
,TENNIS M,3.46,53.85%,38.46%,7.69%,0.0%,0.0%,1
,TRASK D,3.63,68.75%,25.0%,6.25%,0.0%,0.0%,1
,,,,,,,
NVSC-401,,,,,,,
,TENNIS M,3.5,58.33%,33.33%,8.33%,0.0%,0.0%,1
,RONEY F,3.81,80.95%,19.05%,0.0%,0.0%,0.0%,1
,TRASK D,3.71,72.82%,27.18%,0.0%,0.0%,0.0%,2
,,,,,,,
NVSC-402,,,,,,,
,BRIGHT J,3.67,68.75%,29.17%,2.08%,0.0%,0.0%,1
,TIMONEY P,3.54,56.46%,40.9066666667%,2.63%,0.0%,0.0%,3
,,,,,,,
NVSC-404,,,,,,,
,SCHMIDT M,3.67,71.11%,25.555%,3.335%,0.0%,0.0%,2
,KRAUS J,3.68,75.0%,17.86%,7.14%,0.0%,0.0%,1
,,,,,,,
NVSC-410,,,,,,,
,CASEY C,3.65,70.0%,25.0%,5.0%,0.0%,0.0%,1
,MORGAN J,3.22,36.06%,50.16%,13.78%,0.0%,0.0%,2
,,,,,,,
NVSC-485,,,,,,,
,LIEBSCH J,4.0,100.0%,0.0%,0.0%,0.0%,0.0%,2
,GARCIA O,4.0,100.0%,0.0%,0.0%,0.0%,0.0%,2
,KRAUS J,3.8,95.0%,0.0%,0.0%,0.0%,5.0%,2
,GENETTI A,3.85,85.16%,14.84%,0.0%,0.0%,0.0%,3
,MUELLER M,3.67,66.67%,33.33%,0.0%,0.0%,0.0%,1
,CANTRELL D,4.0,100.0%,0.0%,0.0%,0.0%,0.0%,1
,,,,,,,
SOMS-111,,,,,,,
,CONNOLLY A,3.65,79.55%,13.64%,2.27%,0.0%,4.55%,1
,POWELL L,3.58,70.97%,19.35%,6.45%,3.23%,0.0%,1
,VELA C,3.34,72.1533333333%,8.78166666667%,6.43833333333%,7.09%,5.535%,6
,SIMPSON M,3.72,83.54%,10.972%,2.366%,0.296%,2.824%,5
,KOGUT R,3.34,67.9%,14.7633333333%,9.45%,0.0%,7.88666666667%,3
,,,,,,,
SOMS-180,,,,,,,
,STARNES G,3.85,86.6866666667%,12.2733333333%,1.04333333333%,0.0%,0.0%,3
,MATTE J,3.95,94.77%,5.23%,0.0%,0.0%,0.0%,3
,WHITAKER B,3.83,86.77%,11.52%,0.0%,1.07666666667%,0.633333333333%,3
,NORRIS D,3.85,87.1666666667%,11.5116666667%,0.816666666667%,0.0%,0.505%,6
,PARKER C,3.96,96.69%,2.205%,1.1025%,0.0%,0.0%,4
,PARKS L,3.99,98.915%,1.085%,0.0%,0.0%,0.0%,2
,DULKE M,3.4,56.82%,32.8025%,6.4775%,1.015%,2.8875%,4
,BRUMMETT K,3.81,80.65%,19.35%,0.0%,0.0%,0.0%,1
,IVEY C,3.85,89.26%,9.7%,0.0%,0.0%,1.04%,2
,HAWES S,3.96,98.33%,0.8075%,0.0%,0.0%,0.8625%,4
,HOFFMAN J,3.91,93.885%,2.995%,3.125%,0.0%,0.0%,2
,BYRNE W,3.92,91.69%,8.31%,0.0%,0.0%,0.0%,3
,FELTS T,3.85,84.62%,15.38%,0.0%,0.0%,0.0%,1
,,,,,,,
SOMS-280,,,,,,,
,MOSER J,3.59,63.29%,31.65%,5.06%,0.0%,0.0%,1
,HAUFFE F,3.83,84.1333333333%,14.1133333333%,1.75333333333%,0.0%,0.0%,3
,CASSLE D,3.82,86.57%,10.45%,1.49%,0.75%,0.75%,1
,GARDNER J,3.8,84.3225%,13.405%,2.2725%,0.0%,0.0%,4
,HASSMAN D,3.43,60.6025%,28.715%,6.955%,1.3825%,2.345%,4
,BROWN T,3.68,73.87%,20.385%,5.32%,0.425%,0.0%,2
,SCHLATHER B,3.9,89.47%,10.53%,0.0%,0.0%,0.0%,1
,FELTS T,3.58,61.3075%,36.28%,2.045%,0.2475%,0.1225%,4
,,,,,,,
SOMS-380,,,,,,,
,SIMPSON L,2.45,9.09%,36.36%,45.45%,9.09%,0.0%,1
,SCOGGINS J,3.49,61.955%,25.36%,12.685%,0.0%,0.0%,2
,PRESTON T,3.48,61.9833333333%,26.3333333333%,10.2933333333%,0.0%,1.39%,3
,OTHOLD L,3.5,66.67%,25.0%,0.0%,8.33%,0.0%,1
,DAWSON S,3.75,75.0%,25.0%,0.0%,0.0%,0.0%,1
,ARMSTRONG A,3.59,71.88%,15.63%,12.5%,0.0%,0.0%,1
,MORRIS S,3.42,66.67%,16.67%,8.33%,8.33%,0.0%,1
,FRYSINGER V,3.6,68.73%,24.0866666667%,5.71666666667%,0.776666666667%,0.693333333333%,3
,IVEY C,3.77,78.95%,19.3%,0.0%,1.75%,0.0%,1
,WENTLING D,3.88,90.1966666667%,9.16%,0.0%,0.0%,0.64%,3
,CRAWFORD K,3.46,75.0%,10.71%,3.57%,7.14%,3.57%,1
,POWERS T,4.0,100.0%,0.0%,0.0%,0.0%,0.0%,1
,POWELL L,3.79,88.24%,5.88%,3.92%,1.96%,0.0%,1
,SHEHANE M,3.58,73.9566666667%,15.1266666667%,6.26666666667%,4.03333333333%,0.616666666667%,3
,MCCLURE M,3.25,54.945%,26.345%,10.545%,5.275%,2.885%,2
,STURTEVANT K,3.31,53.85%,30.77%,11.54%,0.0%,3.85%,1
,KALLINA S,3.56,70.37%,14.81%,14.81%,0.0%,0.0%,1
,,,,,,,
SOMS-381,,,,,,,
,MARTINEZ R,3.39,63.505%,11.93%,24.56%,0.0%,0.0%,2
,HOWELL A,3.29,52.38%,38.1%,0.0%,4.76%,4.76%,1
,MCCLURE M,3.39,64.16%,19.405%,8.045%,8.39%,0.0%,2
,DAWSON S,3.87,86.67%,13.33%,0.0%,0.0%,0.0%,1
,ALTENHOFEN B,3.71,70.0%,30.0%,0.0%,0.0%,0.0%,1
,OTHOLD L,3.29,50.0%,29.17%,20.83%,0.0%,0.0%,1
,ARMSTRONG A,3.64,81.82%,4.55%,9.09%,4.55%,0.0%,1
,SULLINS A,3.8,82.22%,15.56%,2.22%,0.0%,0.0%,1
,MORRIS S,3.26,63.16%,21.05%,5.26%,0.0%,10.53%,1
,PRESTON T,3.76,78.01%,20.3233333333%,1.66666666667%,0.0%,0.0%,3
,IVEY C,3.88,87.5%,12.5%,0.0%,0.0%,0.0%,1
,WENTLING D,3.69,78.74%,15.22%,2.1275%,3.4025%,0.51%,4
,CRAWFORD K,3.51,73.77%,13.525%,6.95%,1.02%,4.725%,2
,POWERS T,3.84,92.59%,3.70333333333%,1.84%,0.0%,1.86333333333%,3
,BROWN T,3.93,93.335%,6.665%,0.0%,0.0%,0.0%,2
,SHEHANE M,3.69,84.715%,5.01%,6.325%,2.63%,1.315%,2
,SCOGGINS J,3.63,77.9966666667%,10.47%,9.31%,0.0%,2.22333333333%,3
,STURTEVANT K,3.26,60.87%,21.74%,4.35%,8.7%,4.35%,1
,KALLINA S,3.68,72.73%,22.73%,4.55%,0.0%,0.0%,1
,FRYSINGER V,3.65,69.6833333333%,26.3133333333%,3.22666666667%,0.776666666667%,0.0%,3
,LAPORTE C,2.7,20.0%,50.0%,10.0%,20.0%,0.0%,1
,,,,,,,
SOMS-481,,,,,,,
,BOGUE P,3.5,50.0%,50.0%,0.0%,0.0%,0.0%,1
,ARCAK C,3.41,65.2533333333%,21.8066666667%,5.5%,4.83666666667%,2.6%,3
,HUMPHREYS L,2.14,4.76%,23.81%,52.38%,19.05%,0.0%,1
,SULLINS D,3.11,40.74%,40.74%,11.11%,3.7%,3.7%,1
,EDWARDS S,3.38,57.69%,30.77%,7.69%,0.0%,3.85%,1
,BROWN T,3.98,98.335%,0.835%,0.835%,0.0%,0.0%,2
,ONO J,3.19,37.84%,47.3%,10.81%,4.05%,0.0%,1
,RANDOLPH D,3.08,33.33%,41.67%,25.0%,0.0%,0.0%,1
,AUCKERMAN C,3.62,73.08%,15.38%,11.54%,0.0%,0.0%,1
,KALLINA S,3.58,73.08%,11.54%,15.38%,0.0%,0.0%,1
,STRUMINGER R,3.41,52.8%,37.36%,8.99%,0.845%,0.0%,2
,MOONEY K,3.6,69.7166666667%,23.1966666667%,4.74333333333%,2.34%,0.0%,3
,,,,,,,
SOMS-482,,,,,,,
,BOGUE P,3.6,73.41%,17.725%,6.085%,0.0%,2.78%,2
,KALLINA S,3.75,85.0%,5.0%,10.0%,0.0%,0.0%,1
,HUMPHREYS L,3.67,66.67%,33.33%,0.0%,0.0%,0.0%,1
,SULLINS D,3.38,62.5%,25.0%,0.0%,12.5%,0.0%,1
,CHABOT B,4.0,100.0%,0.0%,0.0%,0.0%,0.0%,1
,ALTMAN R,2.88,25.0%,37.5%,37.5%,0.0%,0.0%,1
,EDWARDS S,3.53,66.67%,26.67%,3.33%,0.0%,3.33%,1
,BROWN T,3.89,90.4433333333%,8.22333333333%,1.33333333333%,0.0%,0.0%,3
,ONO J,3.09,44.02%,33.74%,13.675%,3.42%,5.14%,2
,RANDOLPH D,3.25,46.4575%,33.7925%,17.7225%,2.03%,0.0%,4
,AUCKERMAN C,4.0,100.0%,0.0%,0.0%,0.0%,0.0%,1
,ARCAK C,3.51,63.1525%,26.1675%,8.9425%,1.25%,0.49%,4
,STRUMINGER R,3.52,55.4233333333%,41.2433333333%,3.33333333333%,0.0%,0.0%,3
,MOONEY K,3.52,72.3275%,16.3675%,5.4775%,2.65%,3.1725%,4
,CUNNINGHAM M,3.52,54.55%,45.45%,0.0%,0.0%,0.0%,1
,,,,,,,
SOMS-485,,,,,,,
,BROWN T,3.2,80.0%,0.0%,0.0%,0.0%,20.0%,1
,SIMPSON M,3.79,90.428%,5.236%,0.0%,4.038%,0.298%,5
,ARTH L,3.83,92.31%,1.92%,3.85%,0.0%,1.92%,1
,,,,,,,
