Course,Professor,GPA,% of A's,% of B's,% of C's,% of D's,% of F's,N
ASTR-101,,,,,,,
,DEPOY D,2.84,20.49%,49.27%,25.395%,3.135%,1.715%,2
,KRISCIUNAS K,2.73,30.60375%,30.48875%,24.255%,10.5775%,4.0725%,8
,MACRI L,2.71,21.9766666667%,39.53%,27.8466666667%,9.07%,1.57666666667%,3
,SUNTZEFF N,3.01,36.99%,35.62%,20.55%,5.48%,1.37%,1
,TRAN K,2.85,34.18%,32.91%,21.1%,7.17%,4.64%,1
,WANG L,3.03,39.57%,35.945%,15.62%,5.4%,3.465%,2
,,,,,,,
ASTR-102,,,,,,,
,ALCORN L,3.85,88.1871428571%,9.98%,0.851428571429%,0.411428571429%,0.571428571429%,7
,FORREST B,3.83,86.0657142857%,11.41%,2.33285714286%,0.0%,0.192857142857%,7
,NAGASAWA D,3.79,83.6766666667%,14.0766666667%,0.89%,0.443333333333%,0.913333333333%,3
,OELKERS R,3.89,96.3%,1.23%,0.0%,0.0%,2.47%,1
,QUICK A,3.98,98.275%,1.725%,0.0%,0.0%,0.0%,2
,TOMCZAK A,3.68,68.42%,31.58%,0.0%,0.0%,0.0%,1
,,,,,,,
ASTR-109,,,,,,,
,BARUN K,2.78,34.78%,26.09%,26.09%,8.7%,4.35%,1
,TOBACK D,3.6,66.0328571429%,26.0042857143%,3.63428571429%,0.801428571429%,3.52428571429%,7
,,,,,,,
ASTR-111,,,,,,,
,DEPOY D,3.17,36.59%,46.34%,14.63%,2.44%,0.0%,1
,KRISCIUNAS K,3.0,37.18%,36.235%,19.25%,5.5125%,1.825%,4
,MARSHALL J,3.19,38.3%,42.55%,19.15%,0.0%,0.0%,1
,SUNTZEFF N,3.09,38.54%,37.43%,17.355%,6.68%,0.0%,2
,WANG L,3.6,72.13%,19.67%,3.28%,3.28%,1.64%,1
,,,,,,,
ASTR-119,,,,,,,
,CLARK S,3.22,36.59%,56.1%,2.44%,2.44%,2.44%,1
,COLLETTI K,3.6,72.56%,20.415%,2.855%,2.085%,2.085%,2
,UPADHYAYULA S,3.46,68.055%,18.81%,7.83%,0.0%,5.3%,2
,YEAGER S,3.79,78.13%,21.88%,0.0%,0.0%,0.0%,1
,ZHAO X,3.61,72.0%,20.0%,4.0%,0.0%,4.0%,1
,,,,,,,
ASTR-314,,,,,,,
,KRISCIUNAS K,3.24,45.95%,37.84%,13.51%,0.0%,2.7%,1
,PAPOVICH C,3.14,34.9366666667%,48.0866666667%,14.0366666667%,1.96%,0.98%,3
,TRAN K,3.52,65.69%,22.055%,9.315%,1.96%,0.98%,2
,WANG L,2.82,32.35%,29.41%,26.47%,11.76%,0.0%,1
,,,,,,,
ASTR-320,,,,,,,
,KRISCIUNAS K,3.68,76.89%,18.31%,2.63%,0.0%,2.175%,2
,,,,,,,
ASTR-401,,,,,,,
,DEPOY D,4.0,100.0%,0.0%,0.0%,0.0%,0.0%,1
,,,,,,,
ASTR-403,,,,,,,
,STRIGARI L,3.29,47.62%,42.86%,0.0%,9.52%,0.0%,1
,,,,,,,
ASTR-489,,,,,,,
,WANG L,3.4,40.0%,60.0%,0.0%,0.0%,0.0%,1
,,,,,,,
ASTR-491,,,,,,,
,MARSHALL J,4.0,100.0%,0.0%,0.0%,0.0%,0.0%,3
,TRAN K,4.0,100.0%,0.0%,0.0%,0.0%,0.0%,2
,,,,,,,
ASTR-601,,,,,,,
,PAPOVICH C,4.0,100.0%,0.0%,0.0%,0.0%,0.0%,1
,,,,,,,
ASTR-602,,,,,,,
,DEPOY D,4.0,100.0%,0.0%,0.0%,0.0%,0.0%,1
,,,,,,,
ASTR-603,,,,,,,
,MACRI L,3.43,85.71%,0.0%,0.0%,0.0%,14.29%,1
,,,,,,,
ASTR-605,,,,,,,
,SUNTZEFF N,4.0,100.0%,0.0%,0.0%,0.0%,0.0%,1
,,,,,,,
ASTR-606,,,,,,,
,STRIGARI L,4.0,100.0%,0.0%,0.0%,0.0%,0.0%,1
,,,,,,,
ASTR-689,,,,,,,
,DUTTA B,4.0,100.0%,0.0%,0.0%,0.0%,0.0%,1
,MACRI L,3.85,84.62%,15.38%,0.0%,0.0%,0.0%,1
,,,,,,,
BIOL-101,,,,,,,
,HALL T,2.41,12.79%,36.05%,32.56%,18.6%,0.0%,1
,MCKNIGHT T,2.59,25.76%,30.3%,25.76%,12.12%,6.06%,1
,,,,,,,
BIOL-107,,,,,,,
,JOHNSON J,2.47,15.57%,33.61%,37.7%,8.2%,4.92%,1
,WINEMILLER L,2.37,18.3633333333%,29.28%,30.8166666667%,14.9466666667%,6.59666666667%,6
,,,,,,,
BIOL-111,,,,,,,
,BEASTER-JONES L,2.21,14.0066666667%,28.1766666667%,32.77%,15.1566666667%,9.89%,3
,KEMP W,2.3,13.2542857143%,32.0442857143%,32.8171428571%,15.5585714286%,6.32714285714%,7
,LEE C,2.26,11.79%,32.32%,31.94%,18.63%,5.32%,1
,MANSON M,2.94,24.91%,47.8966666667%,23.6833333333%,3.14333333333%,0.37%,3
,RAO A,2.38,20.3044444444%,26.9666666667%,28.9644444444%,17.0733333333%,6.69444444444%,9
,RYAN K,2.07,8.215%,23.93%,48.215%,11.785%,7.855%,2
,TAG A,2.18,12.9325%,24.605%,37.2775%,18.02%,7.165%,4
,VERSAW W,2.0,9.27333333333%,24.2266666667%,34.66%,20.7133333333%,11.1233333333%,3
,WAN W,2.41,19.99%,30.145%,27.19%,15.66%,7.015%,2
,,,,,,,
BIOL-112,,,,,,,
,AUFDERHEIDE K,2.42,8.44%,41.198%,37.51%,10.098%,2.754%,5
,GRIFFING L,2.23,7.98%,29.79%,44.68%,14.36%,3.19%,1
,JOHNSON C,2.41,17.9657142857%,27.0428571429%,39.0457142857%,12.2957142857%,3.64857142857%,7
,LEE C,2.6,19.822%,37.84%,29.282%,9.46%,3.596%,5
,LINTS R,2.44,11.862%,39.97%,33.538%,10.21%,4.422%,5
,MANSON M,3.22,36.17%,51.495%,11.265%,0.7975%,0.2725%,4
,,,,,,,
BIOL-113,,,,,,,
,RAO A,2.68,22.4333333333%,38.38%,27.34%,8.15333333333%,3.69333333333%,3
,TAG A,2.53,18.18%,33.33%,39.39%,6.06%,3.03%,1
,WINEMILLER L,2.42,18.32%,29.2125%,35.0175%,11.8275%,5.6225%,4
,,,,,,,
BIOL-123,,,,,,,
,HERLIHY S,2.5,18.07%,29.43%,37.84%,13.525%,1.135%,2
,LAIHING S,2.35,7.04%,38.855%,37.23%,13.935%,2.94%,2
,LEE C,2.81,18.18%,38.64%,38.64%,2.27%,2.27%,1
,RAMSEY M,2.4,7.63%,44.12%,37.595%,6.065%,4.595%,2
,SILVA P,2.77,31.82%,36.36%,18.18%,4.55%,9.09%,1
,,,,,,,
BIOL-206,,,,,,,
,BEREMAND P,2.52,18.255%,33.23%,34.62%,13.29%,0.595%,2
,MOYES R,2.84,24.1%,42.9633333333%,25.59%,6.46%,0.89%,3
,TAG A,2.68,16.0%,48.0%,28.0%,8.0%,0.0%,1
,WAN W,3.32,43.3866666667%,47.0433333333%,8.2%,0.64%,0.726666666667%,3
,,,,,,,
BIOL-213,,,,,,,
,AUFDERHEIDE K,2.56,18.6%,31.7833333333%,39.0266666667%,7.87666666667%,2.71%,3
,ERICKSON J,2.57,20.805%,34.795%,30.75%,7.91%,5.74%,4
,LOCKLESS S,2.55,26.22%,30.0233333333%,24.135%,11.495%,8.12833333333%,6
,MAGGERT K,2.84,30.44%,40.33%,17.93%,5.62%,5.68%,2
,MENET J,2.49,26.015%,25.91%,26.37%,14.675%,7.03%,2
,QIN H,2.71,24.805%,35.755%,27.78%,8.685%,2.975%,2
,VERSAW W,2.42,8.33%,54.17%,16.67%,12.5%,8.33%,1
,,,,,,,
BIOL-214,,,,,,,
,BERNARDO J,2.69,18.876%,42.995%,28.353%,7.832%,1.943%,10
,CRISCIONE C,2.7,14.58%,48.96%,28.13%,8.33%,0.0%,1
,JONES A,2.64,16.8766666667%,44.8766666667%,26.31%,8.96%,2.98333333333%,3
,MERLIN C,2.66,16.13%,43.55%,30.65%,9.68%,0.0%,1
,PEPPER A,3.02,35.862%,38.75%,18.518%,4.972%,1.894%,5
,,,,,,,
BIOL-285,,,,,,,
,MAGGERT K,4.0,100.0%,0.0%,0.0%,0.0%,0.0%,1
,SMITH J,4.0,100.0%,0.0%,0.0%,0.0%,0.0%,1
,TAG A,3.83,83.33%,16.67%,0.0%,0.0%,0.0%,1
,WALTON J,4.0,100.0%,0.0%,0.0%,0.0%,0.0%,3
,WINEMILLER L,3.0,20.0%,60.0%,20.0%,0.0%,0.0%,1
,,,,,,,
BIOL-295,,,,,,,
,BAUMGARDNER D,4.0,100.0%,0.0%,0.0%,0.0%,0.0%,1
,MAGGERT K,3.91,97.62%,0.0%,0.0%,0.0%,2.38%,2
,,,,,,,
BIOL-300,,,,,,,
,BAUMGARDNER D,4.0,100.0%,0.0%,0.0%,0.0%,0.0%,4
,,,,,,,
BIOL-318,,,,,,,
,GREENBAUM I,2.11,6.61666666667%,34.26%,31.4833333333%,19.71%,7.93666666667%,3
,,,,,,,
BIOL-319,,,,,,,
,COHN W,2.6,17.2672727273%,34.29%,43.6927272727%,2.17181818182%,2.57909090909%,11
,,,,,,,
BIOL-320,,,,,,,
,TAYLOR L,2.44,13.0672727273%,32.6163636364%,42.7945454545%,9.15727272727%,2.36454545455%,11
,,,,,,,
BIOL-335,,,,,,,
,WICKSTEN M,2.87,31.1575%,36.395%,24.585%,5.27%,2.5925%,4
,,,,,,,
BIOL-344,,,,,,,
,RILEY B,2.91,38.53%,29.7675%,18.0725%,10.455%,3.175%,4
,,,,,,,
BIOL-350,,,,,,,
,ARAMAYO R,3.5,62.5%,25.0%,12.5%,0.0%,0.0%,1
,,,,,,,
BIOL-351,,,,,,,
,SACHS M,2.69,20.5225%,42.1775%,25.99%,8.3725%,2.935%,4
,SIEGELE D,2.91,26.3685714286%,42.7014285714%,27.3885714286%,3.31142857143%,0.23%,7
,SMITH J,2.73,21.45%,42.16%,27.7766666667%,7.15666666667%,1.46%,3
,SORG J,2.64,22.335%,37.165%,24.665%,14.0%,1.835%,2
,,,,,,,
BIOL-357,,,,,,,
,BAUMGARDNER D,3.45,54.45%,37.3485714286%,7.27142857143%,0.635714285714%,0.291428571429%,7
,,,,,,,
BIOL-358,,,,,,,
,BAUMGARDNER D,3.85,85.53%,14.0242857143%,0.447142857143%,0.0%,0.0%,7
,,,,,,,
BIOL-388,,,,,,,
,SCOTT T,2.94,23.7125%,51.155%,21.895%,2.085%,1.155%,4
,,,,,,,
BIOL-395,,,,,,,
,TAG A,3.43,81.82%,0.0%,9.09%,0.0%,9.09%,1
,,,,,,,
BIOL-401,,,,,,,
,CARNEY G,3.42,58.92%,29.3771428571%,8.73285714286%,0.564285714286%,2.40428571429%,7
,,,,,,,
BIOL-405,,,,,,,
,MACKENZIE D,3.41,56.9966666667%,31.5933333333%,8.07666666667%,1.66666666667%,1.66666666667%,3
,,,,,,,
BIOL-406,,,,,,,
,MANSON M,3.27,40.2766666667%,48.1033333333%,10.2266666667%,1.39%,0.0%,3
,SORG J,3.13,33.245%,49.51%,15.775%,0.0%,1.47%,4
,,,,,,,
BIOL-413,,,,,,,
,AUFDERHEIDE K,2.87,24.325%,46.545%,22.3225%,5.805%,1.005%,4
,RYAN K,2.55,22.6733333333%,29.3733333333%,30.8033333333%,14.4466666667%,2.7%,3
,,,,,,,
BIOL-414,,,,,,,
,LEKVEN A,2.85,33.27%,34.8633333333%,19.3833333333%,8.37%,4.11333333333%,3
,,,,,,,
BIOL-423,,,,,,,
,GRIFFING L,3.52,66.4566666667%,22.54%,8.48333333333%,0.853333333333%,1.66666666667%,3
,,,,,,,
BIOL-430,,,,,,,
,GRIFFING L,3.57,68.2825%,25.8025%,4.5275%,0.0%,1.39%,4
,,,,,,,
BIOL-434,,,,,,,
,HARLOW M,3.42,57.4575%,29.7175%,11.485%,0.0%,1.34%,4
,SMOTHERMAN M,3.44,60.6333333333%,24.92%,13.3333333333%,0.0%,1.11%,3
,,,,,,,
BIOL-435,,,,,,,
,SMOTHERMAN M,4.0,100.0%,0.0%,0.0%,0.0%,0.0%,4
,,,,,,,
BIOL-437,,,,,,,
,LIN X,3.21,39.0525%,43.985%,15.645%,1.315%,0.0%,4
,,,,,,,
BIOL-438,,,,,,,
,MANSON M,3.11,31.8%,47.9325%,19.46%,0.8075%,0.0%,4
,,,,,,,
BIOL-440,,,,,,,
,WICKSTEN M,3.13,34.4433333333%,47.7766666667%,14.4433333333%,3.33%,0.0%,3
,,,,,,,
BIOL-445,,,,,,,
,BELL-PEDERSEN D,3.06,40.6433333333%,35.3533333333%,16.7166666667%,4.21%,3.07666666667%,3
,,,,,,,
BIOL-451,,,,,,,
,THOMAS T,3.66,70.31%,25.83%,3.86%,0.0%,0.0%,7
,,,,,,,
BIOL-452,,,,,,,
,BELL-PEDERSEN D,3.54,61.905%,33.93%,0.0%,4.165%,0.0%,2
,SACHS M,3.33,44.44%,44.44%,11.11%,0.0%,0.0%,1
,,,,,,,
BIOL-454,,,,,,,
,MOYES R,2.77,21.8225%,48.21%,17.9125%,9.0325%,3.0225%,4
,,,,,,,
BIOL-455,,,,,,,
,KASTER B,3.08,38.46%,38.46%,15.38%,7.69%,0.0%,1
,MOYES R,3.33,50.0%,41.67%,0.0%,8.33%,0.0%,1
,,,,,,,
BIOL-456,,,,,,,
,MOYES R,3.07,35.0566666667%,42.7666666667%,16.6766666667%,5.49666666667%,0.0%,3
,,,,,,,
BIOL-461,,,,,,,
,SMITH J,3.92,92.0633333333%,7.93666666667%,0.0%,0.0%,0.0%,3
,,,,,,,
BIOL-466,,,,,,,
,GREENBAUM I,2.26,8.665%,36.8725%,33.0575%,14.16%,7.245%,4
,,,,,,,
BIOL-467,,,,,,,
,ROSENTHAL G,3.46,61.6966666667%,27.2166666667%,8.02666666667%,1.55333333333%,1.5%,3
,,,,,,,
BIOL-481,,,,,,,
,ADAMS V,3.9,90.0%,10.0%,0.0%,0.0%,0.0%,2
,GARCIA L,3.98,98.4128571429%,1.58714285714%,0.0%,0.0%,0.0%,7
,MCKNIGHT T,3.92,96.15%,0.0%,3.85%,0.0%,0.0%,1
,SCOTT T,3.87,87.1%,12.9%,0.0%,0.0%,0.0%,1
,,,,,,,
BIOL-485,,,,,,,
,TAG A,3.5,66.665%,22.22%,5.555%,5.555%,0.0%,2
,,,,,,,
BIOL-487,,,,,,,
,CRISCIONE C,2.75,30.95%,34.52%,18.255%,10.715%,5.555%,2
,,,,,,,
BIOL-489,,,,,,,
,BEASTER-JONES L,3.17,29.165%,58.335%,12.5%,0.0%,0.0%,2
,GOMER R,4.0,100.0%,0.0%,0.0%,0.0%,0.0%,1
,SMITH J,4.0,100.0%,0.0%,0.0%,0.0%,0.0%,1
,WINEMILLER L,3.91,90.91%,9.09%,0.0%,0.0%,0.0%,2
,,,,,,,
BIOL-491,,,,,,,
,BAUMGARDNER D,4.0,100.0%,0.0%,0.0%,0.0%,0.0%,7
,GRIFFING L,3.89,88.572%,11.428%,0.0%,0.0%,0.0%,5
,MANSON M,4.0,100.0%,0.0%,0.0%,0.0%,0.0%,1
,MCKNIGHT T,3.97,96.9842857143%,3.01571428571%,0.0%,0.0%,0.0%,7
,WICKSTEN M,4.0,100.0%,0.0%,0.0%,0.0%,0.0%,1
,,,,,,,
BIOL-493,,,,,,,
,TAG A,3.74,82.955%,12.5%,0.0%,4.545%,0.0%,2
,,,,,,,
BIOL-495,,,,,,,
,MCMAHAN U,4.0,100.0%,0.0%,0.0%,0.0%,0.0%,1
,SACHS M,3.8,90.7825%,3.6625%,2.7775%,0.0%,2.7775%,4
,,,,,,,
BIOL-601,,,,,,,
,HARDIN P,3.13,37.5%,37.5%,25.0%,0.0%,0.0%,1
,,,,,,,
BIOL-602,,,,,,,
,HOLZENBURG A,3.79,79.025%,20.975%,0.0%,0.0%,0.0%,6
,,,,,,,
BIOL-603,,,,,,,
,HOLZENBURG A,3.83,83.33%,16.67%,0.0%,0.0%,0.0%,2
,,,,,,,
BIOL-604,,,,,,,
,HOLZENBURG A,3.83,82.7366666667%,17.2633333333%,0.0%,0.0%,0.0%,3
,,,,,,,
BIOL-606,,,,,,,
,SORG J,3.22,35.6866666667%,50.8433333333%,13.4666666667%,0.0%,0.0%,3
,,,,,,,
BIOL-608,,,,,,,
,HOLZENBURG A,3.86,86.11%,13.89%,0.0%,0.0%,0.0%,2
,NAN B,3.88,87.5%,12.5%,0.0%,0.0%,0.0%,1
,,,,,,,
BIOL-609,,,,,,,
,LEKVEN A,3.86,90.48%,4.76%,4.76%,0.0%,0.0%,1
,MENET J,3.45,48.335%,48.335%,3.335%,0.0%,0.0%,2
,,,,,,,
BIOL-610,,,,,,,
,JONES A,3.57,78.57%,14.285%,0.0%,0.0%,7.145%,2
,,,,,,,
BIOL-611,,,,,,,
,RILEY B,3.5,58.335%,33.335%,8.335%,0.0%,0.0%,2
,,,,,,,
BIOL-613,,,,,,,
,RYAN K,3.32,39.595%,56.4%,2.0825%,0.0%,1.9225%,4
,,,,,,,
BIOL-615,,,,,,,
,LEKVEN A,3.48,59.0466666667%,29.5233333333%,11.43%,0.0%,0.0%,3
,,,,,,,
BIOL-622,,,,,,,
,SIEGELE D,3.83,86.2866666667%,10.6833333333%,3.03%,0.0%,0.0%,3
,,,,,,,
BIOL-625,,,,,,,
,HARLOW M,3.83,83.3333333333%,16.6666666667%,0.0%,0.0%,0.0%,3
,,,,,,,
BIOL-635,,,,,,,
,PEPPER A,3.4,47.7275%,44.445%,7.8275%,0.0%,0.0%,4
,,,,,,,
BIOL-644,,,,,,,
,ZORAN M,4.0,100.0%,0.0%,0.0%,0.0%,0.0%,1
,,,,,,,
BIOL-650,,,,,,,
,ARAMAYO R,3.76,78.0966666667%,19.5233333333%,2.38%,0.0%,0.0%,3
,,,,,,,
BIOL-651,,,,,,,
,THOMAS T,3.89,88.4928571429%,11.5071428571%,0.0%,0.0%,0.0%,7
,,,,,,,
BIOL-652,,,,,,,
,MAGGERT K,4.0,100.0%,0.0%,0.0%,0.0%,0.0%,1
,,,,,,,
BIOL-682,,,,,,,
,MCMAHAN U,4.0,100.0%,0.0%,0.0%,0.0%,0.0%,3
,,,,,,,
BIOL-685,,,,,,,
,LEKVEN A,4.0,100.0%,0.0%,0.0%,0.0%,0.0%,2
,MCMAHAN U,4.0,100.0%,0.0%,0.0%,0.0%,0.0%,2
,,,,,,,
BIOL-689,,,,,,,
,ARAMAYO R,3.9,90.3125%,9.6875%,0.0%,0.0%,0.0%,4
,JONES A,3.7,70.0%,30.0%,0.0%,0.0%,0.0%,1
,,,,,,,
BIOL-697,,,,,,,
,GREENBAUM I,4.0,100.0%,0.0%,0.0%,0.0%,0.0%,3
,,,,,,,
BIOL-698,,,,,,,
,CARNEY G,3.31,52.68%,40.18%,0.0%,0.0%,7.145%,2
,,,,,,,
CHEM-100,,,,,,,
,GAEDE H,3.7,80.56%,12.4833333333%,4.52%,1.56%,0.873333333333%,3
,,,,,,,
CHEM-101,,,,,,,
,BARONDEAU D,2.46,20.74%,31.4733333333%,27.1966666667%,14.53%,6.06%,3
,BATTEAS J,2.56,20.93%,34.88%,27.91%,11.63%,4.65%,1
,BETHEL R,2.45,16.3533333333%,32.9466666667%,32.8433333333%,14.7733333333%,3.08333333333%,3
,CHAKRABARTI M,2.64,27.18%,35.15%,20.0%,9.71%,7.96%,1
,COLLINS D,2.54,26.95%,27.87%,24.96%,12.71%,7.5%,1
,HILTY C,2.27,17.07%,26.83%,29.27%,19.51%,7.32%,1
,KEENEY-KENNICUTT W,2.71,26.505%,30.43%,33.225%,7.235%,2.605%,2
,LEUNG T,2.24,21.43%,23.81%,23.81%,19.05%,11.9%,1
,LIM S,2.56,22.035%,31.64%,31.49%,10.19%,4.645%,2
,MAWK E,2.38,17.33%,28.44%,37.33%,8.89%,8.0%,1
,MCCARTNEY S,2.38,19.83%,27.055%,31.44%,14.79%,6.89%,2
,MULLEN C,2.39,16.49%,33.68%,28.875%,14.7%,6.26%,2
,NORTH S,2.81,33.73%,30.71%,23.575%,6.67%,5.32%,2
,ROSYNEK M,3.07,38.2233333333%,34.8566666667%,23.3%,2.66333333333%,0.953333333333%,3
,SHELDON M,2.59,21.31%,30.725%,36.85%,7.745%,3.375%,2
,SKILES S,2.3,13.4%,34.45%,32.54%,7.66%,11.96%,1
,STOLLENZ M,2.58,17.4766666667%,40.87%,27.8866666667%,9.51%,4.25666666667%,3
,TRUFAN E,2.24,16.7%,27.04%,30.02%,16.5%,9.74%,1
,UTLEY D,2.39,20.78%,30.43%,25.42%,13.36%,10.02%,1
,WILLIAMSON V,2.64,27.05%,29.9266666667%,27.05%,11.44%,4.53666666667%,3
,,,,,,,
CHEM-102,,,,,,,
,BANERJEE S,3.22,52.54%,25.065%,13.94%,8.45%,0.0%,2
,BETHEL R,2.61,16.18%,39.48%,34.14%,9.71%,0.49%,1
,CHAKRABARTI M,2.84,30.83%,38.6%,19.69%,5.96%,4.92%,1
,DEMPSEY S,2.52,23.89%,28.12%,30.47%,12.19%,5.335%,2
,FOLDEN C,2.62,21.13%,31.32%,36.6%,10.57%,0.38%,1
,KEENEY-KENNICUTT W,2.68,27.9133333333%,27.99%,31.71%,8.55666666667%,3.83%,3
,LINDAHL P,2.66,22.3966666667%,33.5533333333%,35.1433333333%,5.41%,3.49666666667%,3
,MAWK E,2.23,12.2425%,29.395%,35.805%,14.0925%,8.465%,4
,MCCARTNEY S,2.38,12.67%,35.945%,32.625%,14.255%,4.505%,2
,NATOWITZ J,3.42,41.67%,58.33%,0.0%,0.0%,0.0%,1
,NIPPE M,2.5,11.11%,37.57%,42.86%,7.41%,1.06%,1
,ROSYNEK M,3.38,53.3175%,33.07%,12.7775%,0.0%,0.8325%,4
,SCHWEIKERT E,3.13,39.13%,39.13%,17.39%,4.35%,0.0%,1
,STOLLENZ M,2.66,17.2366666667%,44.1966666667%,27.66%,8.70333333333%,2.20333333333%,3
,UTLEY D,2.55,21.145%,35.37%,26.24%,11.965%,5.28%,2
,WILLIAMSON V,2.67,24.7525%,35.3175%,25.965%,10.3875%,3.58%,4
,,,,,,,
CHEM-103,,,,,,,
,DARENSBOURG D,3.09,43.75%,25.0%,28.13%,3.13%,0.0%,1
,,,,,,,
CHEM-104,,,,,,,
,DARENSBOURG D,3.05,45.455%,22.73%,22.73%,9.095%,0.0%,2
,,,,,,,
CHEM-106,,,,,,,
,GABBAI F,2.77,17.65%,52.94%,17.65%,11.76%,0.0%,1
,GAEDE H,2.59,17.71%,39.0766666667%,30.5466666667%,9.49333333333%,3.17666666667%,3
,MACFARLANE R,3.35,47.83%,39.13%,13.04%,0.0%,0.0%,1
,MULLEN C,2.57,18.92%,29.73%,40.54%,10.81%,0.0%,1
,YENNELLO S,2.43,13.64%,38.64%,29.55%,13.64%,4.55%,1
,,,,,,,
CHEM-107,,,,,,,
,BARONDEAU D,2.36,17.085%,27.365%,38.02%,9.125%,8.4%,2
,BETHEL R,2.56,19.56%,36.74%,27.7%,12.15%,3.85%,1
,BROWN L,2.68,23.21%,37.25%,27.7666666667%,8.325%,3.44833333333%,6
,COLLINS D,2.41,16.08%,34.08%,32.64%,9.97%,7.23%,1
,GOODEY J,2.52,14.2933333333%,38.45%,34.8133333333%,10.01%,2.44%,3
,HUGHBANKS T,2.58,13.5225%,44.835%,30.2125%,8.6475%,2.7825%,4
,LEUNG T,2.55,21.14%,35.4%,24.935%,13.89%,4.635%,2
,RAYMOND J,2.67,17.55%,47.57%,22.62%,8.88%,3.38%,1
,,,,,,,
CHEM-111,,,,,,,
,BARONDEAU D,3.04,34.285%,43.095%,15.95%,3.335%,3.335%,2
,BATTEAS J,3.04,37.14%,45.71%,8.57%,2.86%,5.71%,1
,BETHEL R,2.72,17.962%,47.382%,25.96%,6.29%,2.412%,5
,BEVAN J,2.91,20.845%,56.265%,18.675%,1.82%,2.39%,2
,BROWN L,2.79,22.2633333333%,49.1466666667%,19.2116666667%,3.12%,6.25666666667%,6
,CHAKRABARTI M,2.83,19.77%,54.26%,17.05%,6.59%,2.33%,1
,COLLINS D,2.57,15.59%,42.085%,30.495%,8.35%,3.495%,2
,DEMPSEY S,2.26,5.56%,36.11%,41.67%,13.89%,2.78%,1
,FANN H,2.97,24.4%,55.95%,14.88%,3.57%,1.19%,1
,GAMEZ R,2.65,16.215%,52.55%,16.47%,10.035%,4.725%,2
,HILTY C,3.05,31.82%,45.45%,18.18%,4.55%,0.0%,1
,KEENEY-KENNICUTT W,2.91,25.0233333333%,52.51%,15.21%,3.33%,3.92333333333%,3
,LAANE J,2.65,11.11%,53.7%,27.78%,1.85%,5.56%,1
,LEUNG T,2.72,16.45%,49.66%,27.3033333333%,3.25%,3.34%,3
,MACFARLANE R,2.46,11.51%,40.29%,36.69%,6.47%,5.04%,1
,MCCARTNEY S,2.73,17.33%,49.96%,24.2075%,5.815%,2.685%,4
,MULLEN C,2.63,11.76%,54.12%,22.35%,9.41%,2.35%,1
,NARINDOSHVILI T,2.78,14.46%,54.22%,26.51%,4.82%,0.0%,1
,NORTH S,3.17,32.58%,50.905%,16.515%,0.0%,0.0%,2
,POTTS J,2.82,17.4833333333%,51.7966666667%,26.4766666667%,3.79%,0.456666666667%,3
,PROSVIRIN A,2.75,20.03%,48.445%,20.46%,8.925%,2.145%,2
,RAYMOND J,2.54,14.29%,44.9%,28.57%,6.12%,6.12%,1
,ROSYNEK M,3.41,63.22%,21.91%,10.05%,2.40666666667%,2.40666666667%,3
,SAMOUEI H,2.58,12.68%,45.07%,32.39%,5.63%,4.23%,1
,SKILES S,2.2,2.63%,50.0%,26.32%,7.89%,13.16%,1
,STOLLENZ M,2.74,17.958%,53.042%,19.02%,4.514%,5.464%,5
,TRUFAN E,2.62,17.24%,48.28%,22.41%,3.45%,8.62%,1
,UTLEY D,2.85,20.59%,55.33%,16.3033333333%,5.29%,2.47666666667%,3
,WILLIAMSON V,2.69,18.08%,49.2816666667%,20.8733333333%,6.765%,5.00333333333%,6
,YEAGER D,2.82,19.2833333333%,56.02%,15.28%,6.02%,3.40333333333%,3
,,,,,,,
CHEM-112,,,,,,,
,BANERJEE S,3.47,61.555%,26.515%,11.93%,0.0%,0.0%,2
,BETHEL R,2.82,17.8975%,53.2075%,23.92%,3.4725%,1.5025%,4
,BEVAN J,2.77,16.82%,55.065%,19.1325%,6.665%,2.32%,4
,BROWN L,2.78,20.3957142857%,48.0128571429%,23.2928571429%,5.40714285714%,2.89%,7
,CHAKRABARTI M,2.85,16.24%,59.4%,19.23%,3.42%,1.71%,1
,COLLINS D,2.83,18.72%,50.73%,25.815%,4.01%,0.72%,2
,DEMPSEY S,2.88,19.99%,50.055%,27.715%,2.01%,0.225%,2
,KEENEY-KENNICUTT W,2.88,17.04%,58.755%,19.91%,3.505%,0.795%,2
,LAANE J,2.95,17.05%,62.79%,18.6%,0.78%,0.78%,1
,LEUNG T,2.95,25.64%,51.28%,17.95%,2.56%,2.56%,1
,LINDAHL P,2.72,22.22%,33.33%,38.89%,5.56%,0.0%,1
,MACFARLANE R,2.91,21.54%,52.92%,20.92%,3.69%,0.92%,1
,MAWK E,2.85,23.415%,45.835%,24.37%,4.26%,2.125%,2
,MCCARTNEY S,2.79,18.36%,52.9625%,20.735%,4.325%,3.6175%,4
,MULLEN C,2.95,17.27%,61.82%,20.0%,0.91%,0.0%,1
,PROSVIRIN A,2.78,15.94%,51.45%,28.99%,2.17%,1.45%,1
,RAYMOND J,2.64,14.29%,47.9%,25.21%,10.92%,1.68%,1
,ROSYNEK M,3.5,62.4225%,26.9175%,10.66%,0.0%,0.0%,4
,SCHWEIKERT E,3.64,78.95%,10.53%,10.53%,0.0%,0.0%,1
,SKILES S,2.98,21.43%,56.25%,21.43%,0.89%,0.0%,1
,STOLLENZ M,2.84,18.542%,52.274%,25.396%,2.402%,1.382%,5
,TRUFAN E,2.88,20.77%,52.94%,21.32%,3.68%,1.29%,1
,UTLEY D,2.8,18.61%,49.2633333333%,26.2066666667%,4.88%,1.04%,3
,WERKE C,2.84,20.97%,46.77%,25.81%,4.84%,1.61%,1
,WILLIAMSON V,2.83,18.9028571429%,52.0585714286%,23.8242857143%,3.72%,1.49142857143%,7
,YEAGER D,2.97,22.5933333333%,55.46%,18.85%,2.84666666667%,0.25%,3
,,,,,,,
CHEM-113,,,,,,,
,DARENSBOURG D,2.35,26.67%,23.33%,23.33%,13.33%,13.33%,1
,,,,,,,
CHEM-114,,,,,,,
,DARENSBOURG D,3.48,65.945%,22.98%,6.52%,2.38%,2.175%,2
,,,,,,,
CHEM-116,,,,,,,
,BEVAN J,2.88,22.95%,51.2566666667%,18.45%,5.75333333333%,1.58666666667%,3
,BROWN L,2.92,23.08%,46.15%,30.77%,0.0%,0.0%,1
,KEENEY-KENNICUTT W,3.15,25.0%,65.0%,10.0%,0.0%,0.0%,1
,MCCARTNEY S,2.95,22.3766666667%,57.35%,12.8633333333%,7.40666666667%,0.0%,3
,TRUFAN E,3.15,30.0%,57.5%,10.0%,2.5%,0.0%,1
,YEAGER D,2.83,9.52%,64.29%,26.19%,0.0%,0.0%,1
,,,,,,,
CHEM-117,,,,,,,
,BETHEL R,2.61,16.1025%,45.1375%,27.935%,6.41%,4.415%,4
,BEVAN J,2.6,16.636%,43.646%,28.51%,6.602%,4.612%,5
,BROWN L,2.69,15.7671428571%,47.7985714286%,28.3557142857%,4.96142857143%,3.11714285714%,7
,CHAKRABARTI M,2.69,15.54%,50.505%,22.92%,8.995%,2.035%,2
,COLLINS D,2.64,15.58%,44.945%,29.835%,7.225%,2.41%,2
,DEMPSEY S,2.68,11.45%,55.42%,24.7%,6.02%,2.41%,1
,KEENEY-KENNICUTT W,2.64,14.334%,51.878%,22.986%,6.592%,4.21%,5
,LAANE J,2.59,13.53%,49.62%,23.31%,9.77%,3.76%,1
,LEUNG T,2.73,18.3%,47.06%,26.14%,6.54%,1.96%,1
,MACFARLANE R,2.58,17.5%,45.0%,22.5%,9.38%,5.63%,1
,MCCARTNEY S,2.63,14.29%,47.8675%,26.67%,7.6825%,3.49%,4
,MULLEN C,2.53,11.59%,44.93%,31.88%,8.7%,2.9%,1
,RAYMOND J,2.78,17.65%,54.41%,20.59%,2.94%,4.41%,1
,SANCHEZ F,2.65,15.0933333333%,45.79%,30.0233333333%,6.67333333333%,2.41666666667%,3
,SKILES S,2.53,11.86%,43.5%,34.46%,5.65%,4.52%,1
,STOLLENZ M,2.62,16.218%,47.788%,22.442%,9.398%,4.15%,5
,TRUFAN E,2.66,12.81%,54.68%,22.66%,4.43%,5.42%,1
,UTLEY D,2.69,15.22%,51.1533333333%,23.9066666667%,7.03%,2.69333333333%,3
,WERKE C,2.75,17.08%,48.44%,28.295%,5.585%,0.595%,2
,WILLIAMSON V,2.69,15.76%,49.8771428571%,24.3471428571%,7.44428571429%,2.57285714286%,7
,YEAGER D,2.74,16.18%,52.9%,21.4433333333%,8.23333333333%,1.25%,3
,,,,,,,
CHEM-222,,,,,,,
,MULLEN C,2.46,19.8163636364%,29.42%,32.4672727273%,13.5490909091%,4.75181818182%,11
,,,,,,,
CHEM-227,,,,,,,
,BERGBREITER D,3.34,44.685%,45.795%,8.56%,0.96%,0.0%,2
,FANG L,2.64,21.6733333333%,36.39%,29.71%,8.89%,3.34333333333%,3
,GLADYSZ J,2.81,19.35%,51.61%,19.35%,9.68%,0.0%,1
,GOPALAKRISHNAN G,2.58,22.0925%,32.8075%,30.1175%,11.2875%,3.69%,4
,HARDING K,2.39,25.4425%,25.8125%,19.9925%,19.735%,9.0175%,4
,JIANG L,2.46,21.605%,30.91%,27.24%,12.645%,7.6%,2
,PENNINGTON J,2.44,17.865%,30.2575%,35.1%,11.2025%,5.5725%,4
,PONNAMPERUMA K,2.58,16.67%,35.8266666667%,38.91%,6.27%,2.32%,3
,POWERS D,2.65,21.18%,36.47%,29.41%,11.76%,1.18%,1
,SANTANDER P,2.48,16.0533333333%,34.63%,34.9366666667%,10.18%,4.2%,3
,SCHAEFER A,2.46,17.72%,29.11%,34.18%,18.99%,0.0%,1
,SCZEPANSKI J,2.44,22.62%,25.0%,33.33%,11.9%,7.14%,1
,SINGLETON D,2.73,23.84%,38.06%,26.85%,9.735%,1.515%,2
,SUN G,2.52,19.1%,33.71%,31.46%,11.24%,4.49%,1
,WAAS J,2.55,25.8%,29.37%,26.935%,11.04%,6.86%,2
,WHEELER S,2.49,27.47%,28.57%,19.78%,14.29%,9.89%,1
,YANG J,2.63,21.48%,33.715%,33.715%,8.965%,2.115%,2
,,,,,,,
CHEM-228,,,,,,,
,BERGBREITER D,3.47,52.8433333333%,42.2733333333%,4.11%,0.776666666667%,0.0%,3
,BURGESS K,2.59,19.94%,35.4033333333%,29.0066666667%,15.2233333333%,0.423333333333%,3
,GOPALAKRISHNAN G,2.72,27.3866666667%,31.53%,30.1966666667%,7.76333333333%,3.12%,3
,HARDING K,2.44,30.16%,20.63%,25.4%,11.11%,12.7%,1
,HILDRETH R,2.62,17.89%,40.0%,32.63%,5.26%,4.21%,1
,JIANG L,2.43,18.865%,32.89%,27.555%,13.625%,7.07%,2
,LIU W,2.6,20.41%,35.72%,29.12%,12.48%,2.275%,2
,PENNINGTON J,2.61,22.5866666667%,36.0166666667%,26.81%,9.52%,5.06333333333%,3
,PONNAMPERUMA K,2.51,15.1875%,37.575%,34.335%,9.6675%,3.235%,4
,SANTANDER P,2.42,18.3057142857%,31.0842857143%,31.2071428571%,12.8214285714%,6.58428571429%,7
,SINGLETON D,2.83,32.548%,26.588%,34.11%,4.64%,2.108%,5
,WATANABE C,3.09,30.325%,49.3675%,19.3225%,0.985%,0.0%,4
,WOOLEY K,3.08,33.96%,45.28%,16.98%,1.89%,1.89%,1
,,,,,,,
CHEM-231,,,,,,,
,BERGBREITER D,3.15,38.71%,45.16%,12.9%,3.23%,0.0%,1
,BURGESS K,3.03,38.78%,38.78%,12.24%,6.12%,4.08%,1
,ROMO D,3.42,58.44%,33.77%,2.6%,2.6%,2.6%,1
,,,,,,,
CHEM-234,,,,,,,
,HARDING K,3.16,36.16%,47.2566666667%,13.2483333333%,3.33333333333%,0.0%,6
,JIANG L,2.88,30.68%,35.225%,29.925%,0.0%,4.165%,2
,SANTANDER P,3.17,41.67%,41.67%,12.5%,0.0%,4.165%,2
,SCHAEFER A,3.05,30.4325%,54.3725%,9.795%,0.0%,5.3975%,4
,SUN G,3.36,45.45%,45.45%,9.09%,0.0%,0.0%,1
,TINER T,3.03,34.28%,38.374%,23.748%,3.598%,0.0%,5
,WAAS J,2.78,22.22%,44.44%,22.22%,11.11%,0.0%,1
,,,,,,,
CHEM-237,,,,,,,
,GOPALAKRISHNAN G,3.11,30.0383333333%,54.7283333333%,12.5216666667%,1.47333333333%,1.23833333333%,6
,HARDING K,3.0,28.32625%,51.05875%,15.485%,3.1575%,1.975%,8
,HILDRETH R,3.06,22.75%,61.68%,14.37%,0.6%,0.6%,1
,JIANG L,3.03,31.8533333333%,47.5533333333%,15.0066666667%,3.01666666667%,2.57666666667%,3
,PENNINGTON J,3.01,29.065%,51.295%,14.35%,2.7375%,2.55%,4
,PONNAMPERUMA K,3.06,30.9183333333%,49.9933333333%,15.6883333333%,1.35166666667%,2.05%,6
,SANTANDER P,3.03,28.86%,51.51%,15.4533333333%,2.17%,2.01333333333%,6
,SUN G,2.95,30.0%,48.33%,13.33%,5.0%,3.33%,1
,WAAS J,3.02,30.02%,50.71%,13.03%,3.685%,2.55%,2
,,,,,,,
CHEM-238,,,,,,,
,GOPALAKRISHNAN G,3.07,31.13%,50.74%,14.514%,1.414%,2.202%,5
,HARDING K,3.14,31.7866666667%,52.5966666667%,13.75%,1.3%,0.56%,3
,HILDRETH R,3.07,32.465%,48.83%,14.29%,1.3%,3.12%,2
,JIANG L,3.2,38.9166666667%,42.5566666667%,15.8533333333%,1.96%,0.713333333333%,3
,PENNINGTON J,3.06,28.866%,53.342%,14.712%,1.62%,1.46%,5
,PONNAMPERUMA K,3.14,33.1333333333%,50.8433333333%,14.2333333333%,1.245%,0.546666666667%,6
,SANTANDER P,3.09,30.7728571429%,52.2228571429%,14.0985714286%,1.18142857143%,1.72428571429%,7
,SINGLETON D,2.98,37.04%,37.04%,18.52%,3.7%,3.7%,1
,SUN G,2.99,25.27%,52.75%,17.58%,4.4%,0.0%,1
,WAAS J,2.97,29.63%,46.295%,19.135%,4.01%,0.925%,2
,,,,,,,
CHEM-242,,,,,,,
,MULLEN C,3.1,29.2628571429%,54.3571428571%,14.4714285714%,0.674285714286%,1.23142857143%,7
,,,,,,,
CHEM-315,,,,,,,
,MACFARLANE R,3.44,57.3%,31.318%,9.88%,1.116%,0.384%,5
,MAWK E,2.98,35.9933333333%,37.07%,17.2833333333%,7.98333333333%,1.66666666667%,3
,RUSSELL D,2.46,7.14%,35.71%,53.57%,3.57%,0.0%,1
,,,,,,,
CHEM-316,,,,,,,
,LIM S,3.07,32.9466666667%,46.1266666667%,17.2516666667%,2.36833333333%,1.305%,6
,SORIAGA E,2.67,33.33%,25.0%,25.0%,8.33%,8.33%,1
,,,,,,,
CHEM-317,,,,,,,
,SCHWEIKERT E,2.78,19.79%,48.96%,20.835%,10.415%,0.0%,2
,,,,,,,
CHEM-318,,,,,,,
,BATTEAS J,3.55,60.0%,35.0%,5.0%,0.0%,0.0%,1
,LIM S,3.14,35.43%,46.84%,14.76%,2.81666666667%,0.155%,6
,MACFARLANE R,3.09,27.52%,56.5883333333%,14.85%,0.0%,1.04166666667%,6
,SORIAGA E,3.31,54.1%,27.87%,16.39%,1.64%,0.0%,1
,,,,,,,
CHEM-320,,,,,,,
,MAWK E,3.05,31.02%,45.37%,21.76%,1.85%,0.0%,2
,,,,,,,
CHEM-322,,,,,,,
,BEVAN J,2.76,23.7166666667%,36.77%,34.0566666667%,2.41666666667%,3.04666666667%,3
,HILTY C,2.77,19.3%,42.11%,36.84%,0.0%,1.75%,1
,LAANE J,3.1,42.5233333333%,30.98%,22.2633333333%,2.31666666667%,1.91333333333%,3
,WHEELER S,2.73,10.81%,62.16%,21.62%,0.0%,5.41%,1
,,,,,,,
CHEM-325,,,,,,,
,BROWN L,3.13,30.8625%,55.7725%,12.1125%,0.0%,1.25%,4
,GAEDE H,2.81,30.3%,34.47%,26.135%,4.545%,4.545%,2
,HILTY C,3.32,38.71%,54.84%,6.45%,0.0%,0.0%,1
,LAANE J,3.45,47.22%,50.0%,2.78%,0.0%,0.0%,2
,LIM S,3.03,27.23%,55.355%,13.84%,0.0%,3.57%,2
,SON D,3.37,42.9533333333%,50.6666666667%,6.38%,0.0%,0.0%,3
,,,,,,,
CHEM-326,,,,,,,
,GAEDE H,3.31,41.2366666667%,48.1466666667%,10.6166666667%,0.0%,0.0%,3
,HILTY C,3.32,33.33%,66.67%,0.0%,0.0%,0.0%,1
,LUCCHESE R,3.43,54.76%,35.795%,7.45%,2.0%,0.0%,2
,WHEELER S,3.14,29.69%,57.815%,10.94%,0.0%,1.565%,2
,YEAGER D,3.43,52.3%,39.08%,8.62%,0.0%,0.0%,2
,,,,,,,
CHEM-327,,,,,,,
,BEVAN J,2.71,26.99%,19.775%,50.375%,2.855%,0.0%,2
,HILTY C,2.72,23.605%,32.37%,37.385%,5.57%,1.065%,2
,LAANE J,2.84,31.9366666667%,33.4066666667%,25.1333333333%,6.25333333333%,3.27%,3
,SON D,2.56,23.75%,35.0%,20.835%,14.585%,5.83%,2
,YEAGER D,2.71,17.7%,40.27%,38.405%,2.175%,1.45%,2
,,,,,,,
CHEM-328,,,,,,,
,FOLDEN C,2.78,20.66%,45.41%,25.765%,7.145%,1.02%,2
,HILTY C,2.63,12.2%,48.78%,29.27%,9.76%,0.0%,1
,SON D,2.65,27.22%,30.305%,27.12%,11.305%,4.06%,2
,YEAGER D,2.52,18.198%,31.618%,37.342%,10.014%,2.826%,5
,,,,,,,
CHEM-362,,,,,,,
,BLUEMEL J,2.88,19.5566666667%,52.2933333333%,25.9866666667%,0.776666666667%,1.39%,3
,DARENSBOURG M,2.88,27.1575%,40.885%,25.15%,6.8025%,0.0%,4
,,,,,,,
CHEM-415,,,,,,,
,BATTEAS J,2.57,16.39%,37.7%,34.43%,9.84%,1.64%,1
,HILTY C,2.77,24.395%,37.31%,31.125%,5.74%,1.43%,2
,RUSSELL D,2.69,6.25%,56.25%,37.5%,0.0%,0.0%,1
,SCHWEIKERT E,2.45,27.27%,22.73%,22.73%,22.73%,4.55%,1
,,,,,,,
CHEM-433,,,,,,,
,CLEARFIELD A,3.17,42.0733333333%,36.3133333333%,18.5866666667%,3.03%,0.0%,3
,GABBAI F,3.6,60.0%,40.0%,0.0%,0.0%,0.0%,1
,POWERS T,3.32,39.41%,54.705%,5.88%,0.0%,0.0%,2
,ZHOU H,3.29,46.946%,40.162%,10.42%,0.0%,2.466%,5
,,,,,,,
CHEM-434,,,,,,,
,MAWK E,2.98,27.0771428571%,48.3042857143%,21.3414285714%,2.11142857143%,1.16714285714%,7
,,,,,,,
CHEM-446,,,,,,,
,BERGBREITER D,3.11,33.33%,50.0%,11.11%,5.56%,0.0%,1
,ROMO D,3.33,40.0%,52.5%,7.5%,0.0%,0.0%,2
,YANG J,2.68,16.0%,48.0%,24.0%,12.0%,0.0%,1
,,,,,,,
CHEM-456,,,,,,,
,BEGLEY T,2.73,14.71%,55.88%,20.59%,5.88%,2.94%,1
,LINDAHL P,3.27,41.665%,43.33%,15.0%,0.0%,0.0%,2
,,,,,,,
CHEM-462,,,,,,,
,DARENSBOURG M,3.62,62.275%,37.725%,0.0%,0.0%,0.0%,2
,,,,,,,
CHEM-464,,,,,,,
,FOLDEN C,3.28,47.71%,32.71%,19.585%,0.0%,0.0%,2
,,,,,,,
CHEM-466,,,,,,,
,FANG L,3.01,32.575%,38.57%,26.68%,1.64%,0.53%,2
,WOOLEY K,3.25,44.785%,36.055%,18.07%,1.095%,0.0%,2
,,,,,,,
CHEM-481,,,,,,,
,GAEDE H,3.07,32.5683333333%,47.5966666667%,16.0833333333%,2.70833333333%,1.04166666667%,6
,GOODEY J,3.08,37.0775%,40.1675%,18.685%,1.795%,2.2725%,4
,POWERS T,2.82,18.18%,54.55%,18.18%,9.09%,0.0%,1
,,,,,,,
CHEM-483,,,,,,,
,DARENSBOURG D,3.18,30.1%,57.32%,12.585%,0.0%,0.0%,2
,,,,,,,
CHEM-489,,,,,,,
,BANERJEE S,2.9,31.58%,31.58%,31.58%,5.26%,0.0%,1
,,,,,,,
CHEM-491,,,,,,,
,CLEARFIELD A,4.0,100.0%,0.0%,0.0%,0.0%,0.0%,1
,GAEDE H,3.98,98.0775%,1.9225%,0.0%,0.0%,0.0%,4
,MACFARLANE R,4.0,100.0%,0.0%,0.0%,0.0%,0.0%,4
,NORTH S,4.0,100.0%,0.0%,0.0%,0.0%,0.0%,1
,ROMO D,3.84,84.1233333333%,15.8766666667%,0.0%,0.0%,0.0%,3
,WATANABE C,4.0,100.0%,0.0%,0.0%,0.0%,0.0%,3
,YENNELLO S,4.0,100.0%,0.0%,0.0%,0.0%,0.0%,2
,,,,,,,
CHEM-601,,,,,,,
,BATTEAS J,3.13,37.5%,37.5%,25.0%,0.0%,0.0%,1
,SCHWEIKERT E,3.4,50.0%,40.0%,10.0%,0.0%,0.0%,1
,SHELDON M,3.4,40.0%,60.0%,0.0%,0.0%,0.0%,1
,,,,,,,
CHEM-602,,,,,,,
,SON D,3.67,66.67%,33.33%,0.0%,0.0%,0.0%,1
,,,,,,,
CHEM-603,,,,,,,
,VIGH G,4.0,100.0%,0.0%,0.0%,0.0%,0.0%,1
,,,,,,,
CHEM-610,,,,,,,
,BURGESS K,3.32,43.925%,43.925%,12.16%,0.0%,0.0%,2
,ROMO D,3.56,55.56%,44.44%,0.0%,0.0%,0.0%,1
,,,,,,,
CHEM-619,,,,,,,
,SON D,3.38,50.0%,37.5%,12.5%,0.0%,0.0%,1
,,,,,,,
CHEM-621,,,,,,,
,NORTH S,3.46,53.0625%,41.58%,3.5725%,1.785%,0.0%,4
,,,,,,,
CHEM-623,,,,,,,
,BATTEAS J,3.81,83.2625%,14.9525%,1.785%,0.0%,0.0%,4
,,,,,,,
CHEM-628,,,,,,,
,BARONDEAU D,3.5,50.0%,50.0%,0.0%,0.0%,0.0%,1
,LINDAHL P,3.12,31.665%,58.335%,5.0%,0.0%,5.0%,2
,,,,,,,
CHEM-630,,,,,,,
,LIU W,3.68,71.43%,25.0%,3.57%,0.0%,0.0%,2
,,,,,,,
CHEM-631,,,,,,,
,LUCCHESE R,3.46,45.835%,54.165%,0.0%,0.0%,0.0%,2
,,,,,,,
CHEM-633,,,,,,,
,GABBAI F,3.23,41.18%,41.18%,17.65%,0.0%,0.0%,1
,NIPPE M,3.39,43.65%,51.785%,4.565%,0.0%,0.0%,2
,,,,,,,
CHEM-634,,,,,,,
,DUNBAR K,3.36,54.02%,39.2833333333%,0.0%,1.96%,4.73666666667%,3
,,,,,,,
CHEM-635,,,,,,,
,CLEARFIELD A,3.31,42.31%,46.15%,11.54%,0.0%,0.0%,1
,,,,,,,
CHEM-640,,,,,,,
,WATANABE C,3.81,81.0333333333%,18.9666666667%,0.0%,0.0%,0.0%,3
,,,,,,,
CHEM-641,,,,,,,
,HALL M,3.37,36.905%,63.095%,0.0%,0.0%,0.0%,4
,,,,,,,
CHEM-642,,,,,,,
,OZEROV O,3.15,27.5075%,62.9775%,8.0425%,0.0%,1.47%,4
,,,,,,,
CHEM-644,,,,,,,
,BEGLEY T,3.6,60.0%,40.0%,0.0%,0.0%,0.0%,2
,,,,,,,
CHEM-646,,,,,,,
,GLADYSZ J,3.33,43.635%,46.21%,10.155%,0.0%,0.0%,2
,SINGLETON D,3.23,33.33%,56.41%,10.26%,0.0%,0.0%,1
,,,,,,,
CHEM-647,,,,,,,
,BLUEMEL J,3.2,34.5875%,54.44%,7.485%,3.485%,0.0%,4
,,,,,,,
CHEM-648,,,,,,,
,LUCCHESE R,3.5,50.0%,50.0%,0.0%,0.0%,0.0%,1
,WHEELER S,3.08,27.485%,53.505%,19.005%,0.0%,0.0%,2
,,,,,,,
CHEM-658,,,,,,,
,PEREZ L,4.0,100.0%,0.0%,0.0%,0.0%,0.0%,3
,,,,,,,
CHEM-670,,,,,,,
,BARONDEAU D,3.33,33.035%,66.965%,0.0%,0.0%,0.0%,2
,,,,,,,
CHEM-672,,,,,,,
,RAUSHEL F,3.47,51.78%,43.22%,5.0%,0.0%,0.0%,4
,,,,,,,
CHEM-673,,,,,,,
,HUGHBANKS T,3.46,53.85%,38.46%,7.69%,0.0%,0.0%,2
,,,,,,,
CHEM-689,,,,,,,
,DARENSBOURG D,3.47,52.63%,42.11%,5.26%,0.0%,0.0%,1
,FOLDEN C,3.56,55.56%,44.44%,0.0%,0.0%,0.0%,1
,HUGHBANKS T,3.21,42.11%,42.11%,10.53%,5.26%,0.0%,1
,RUSSELL D,3.0,23.08%,69.23%,0.0%,0.0%,7.69%,1
,WOOLEY K,3.88,87.5%,12.5%,0.0%,0.0%,0.0%,1
,,,,,,,
ECEN-424,,,,,,,
,SHAKKOTTAI S,2.94,34.38%,31.25%,31.25%,0.0%,3.13%,1
,,,,,,,
MATH-102,,,,,,,
,ANDERSON J,2.21,21.43%,21.43%,33.33%,4.76%,19.05%,1
,KLEIN G,1.95,13.51%,27.03%,24.32%,10.81%,24.32%,1
,SCHRADER T,3.13,50.0%,25.0%,12.5%,12.5%,0.0%,1
,,,,,,,
MATH-131,,,,,,,
,ALLEN A,2.24,18.325%,26.695%,26.225%,18.335%,10.42%,2
,BOLLINGER K,2.12,10.1%,32.9%,24.76%,23.13%,9.12%,1
,CAUSEY R,2.07,20.0%,26.67%,13.33%,20.0%,20.0%,1
,CREAMER D,2.6,28.3%,30.19%,20.75%,15.09%,5.66%,1
,DROST M,2.32,18.48%,30.87%,24.075%,16.855%,9.725%,2
,FU S,2.67,16.67%,50.0%,16.67%,16.67%,0.0%,1
,GREEN N,2.69,36.73%,22.45%,18.37%,18.37%,4.08%,1
,HAMM K,2.71,21.43%,50.0%,14.29%,7.14%,7.14%,1
,JOHNSON M,2.34,18.18%,29.55%,27.27%,18.18%,6.82%,1
,KOGAN R,2.6,20.9%,43.28%,17.91%,10.45%,7.46%,1
,LEE S,2.47,20.97%,30.65%,33.87%,3.23%,11.29%,1
,LEWIS J,2.54,25.0%,32.14%,21.43%,14.29%,7.14%,1
,LI B,3.12,52.94%,11.76%,29.41%,5.88%,0.0%,1
,LIU W,2.64,28.885%,32.635%,20.115%,10.41%,7.955%,2
,MUDDAMALLAPPA M,2.52,25.0%,34.09%,20.45%,9.09%,11.36%,1
,ONICA C,2.04,4.0%,40.0%,24.0%,20.0%,12.0%,1
,PORTER C,2.89,33.33%,30.56%,27.78%,8.33%,0.0%,1
,SCHOLZE S,2.67,33.33%,16.67%,41.67%,0.0%,8.33%,1
,SENGUPTA S,2.46,28.775%,27.125%,21.2%,11.07%,11.83%,2
,SHANKARA N,2.45,29.03%,22.58%,25.81%,9.68%,12.9%,1
,TERZIOGLU F,3.17,50.0%,16.67%,33.33%,0.0%,0.0%,1
,WANG Y,2.89,42.86%,32.14%,7.14%,7.14%,10.71%,1
,ZHANG Z,2.72,27.85%,34.18%,20.25%,17.72%,0.0%,1
,,,,,,,
MATH-141,,,,,,,
,ARORA R,2.41,23.0333333333%,27.9566666667%,25.2%,17.8%,6.00333333333%,3
,AURISPA B,2.44,20.335%,31.925%,25.035%,16.93%,5.775%,2
,BOLLINGER K,2.35,15.17%,32.8166666667%,30.99%,14.7766666667%,6.24666666667%,3
,CHUNG Y,2.82,28.57%,37.5%,21.43%,12.5%,0.0%,1
,COX L,2.65,24.47%,34.935%,25.395%,11.225%,3.97%,2
,EPSTEIN J,2.58,28.722%,28.068%,22.552%,14.552%,6.106%,5
,FRANCISCO B,2.94,27.08%,52.08%,12.5%,4.17%,4.17%,1
,GIN C,2.63,28.9833333333%,27.04%,26.29%,13.3433333333%,4.34666666667%,3
,GUAN Y,2.65,31.48%,33.33%,11.11%,16.67%,7.41%,1
,KAHLIG J,2.36,19.51%,32.222%,23.086%,15.13%,10.054%,5
,KESSLER J,2.19,21.05%,26.32%,18.42%,19.3%,14.91%,1
,KILMER K,2.6,21.15%,36.37%,27.92%,9.988%,4.57%,5
,KLEIN G,2.62,17.63%,41.7%,28.01%,9.13%,3.53%,1
,LEWIS J,2.63,31.38%,27.72%,21.68%,14.11%,5.115%,2
,ORCHARD P,2.55,26.965%,30.3%,22.595%,10.22%,9.925%,2
,PEARLSTEIN R,2.26,15.295%,28.32%,29.7325%,16.5175%,10.1275%,4
,PENLAND A,2.6,29.41%,27.94%,23.53%,11.76%,7.35%,1
,RAMSEY H,2.58,19.97%,33.965%,27.075%,14.965%,4.025%,2
,REIHANI K,2.15,13.125%,28.095%,33.705%,12.84%,12.23%,2
,SCARBOROUGH S,2.37,18.795%,30.05%,29.13%,13.075%,8.955%,2
,SENGUPTA S,2.5,26.265%,27.46%,22.915%,16.455%,6.915%,2
,SIMPSON N,2.68,22.8566666667%,42.4166666667%,21.14%,7.38333333333%,6.2%,3
,ZARESTKY J,2.24,14.23%,28.555%,33.295%,14.72%,9.205%,2
,,,,,,,
MATH-142,,,,,,,
,ALLEN A,2.23,23.8966666667%,21.5955555556%,24.5166666667%,17.4044444444%,12.5888888889%,9
,AYYURU M,2.13,13.33%,33.33%,26.67%,6.67%,20.0%,1
,BARRERA R,2.5,23.91%,30.43%,28.26%,6.52%,10.87%,1
,BENLI M,2.16,14.29%,33.33%,22.22%,14.29%,15.87%,1
,BOLLINGER K,2.35,15.24%,32.01%,34.45%,11.59%,6.71%,1
,DO N,1.93,14.29%,21.43%,28.57%,14.29%,21.43%,1
,DROST M,2.36,18.02%,33.625%,22.99%,17.19%,8.18%,2
,FRANCISCO B,2.7,32.08%,28.3%,20.75%,15.09%,3.77%,1
,GEZER N,2.36,18.18%,36.36%,27.27%,0.0%,18.18%,1
,GUSTAFSON R,2.34,18.81%,30.73%,26.15%,14.68%,9.63%,1
,HESTER Y,2.89,36.126%,34.554%,16.838%,7.606%,4.872%,5
,KESSLER J,1.82,9.84%,13.11%,40.98%,19.67%,16.39%,1
,KHA M,2.7,30.0%,30.0%,20.0%,20.0%,0.0%,1
,KILMER K,2.45,17.6%,32.46%,28.39%,16.3733333333%,5.18%,3
,KIM J,2.43,22.4666666667%,29.9933333333%,26.0633333333%,14.0233333333%,7.45333333333%,3
,LI G,2.63,25.0%,31.25%,25.0%,18.75%,0.0%,1
,LIU J,2.33,33.33%,16.67%,16.67%,16.67%,16.67%,1
,LIU W,2.52,21.74%,34.78%,26.09%,8.7%,8.7%,1
,MAI N,2.33,13.33%,26.67%,40.0%,20.0%,0.0%,1
,MANUEL D,2.6,25.22%,34.78%,20.87%,13.04%,6.09%,1
,ONICA C,1.68,9.62%,20.15%,23.855%,24.44%,21.94%,2
,ORCHARD P,1.78,7.235%,24.965%,32.215%,16.515%,19.07%,2
,SENGUPTA S,2.6,20.0%,30.0%,40.0%,10.0%,0.0%,1
,SIMPSON N,2.92,34.0725%,34.9175%,21.35%,8.5725%,1.0875%,4
,VOROBETS M,2.56,26.69%,32.74%,19.93%,11.74%,8.9%,1
,YANG Y,2.62,31.25%,25.0%,28.13%,9.38%,6.25%,1
,,,,,,,
MATH-147,,,,,,,
,EPSTEIN J,2.26,14.93%,26.87%,32.84%,17.91%,7.46%,1
,KESSLER J,1.9,11.49%,18.39%,35.63%,18.39%,16.09%,1
,KLEIN G,1.61,3.39%,16.95%,33.9%,28.81%,16.95%,1
,LAHODNY G,2.03,13.14%,21.6933333333%,33.08%,18.81%,13.2766666667%,3
,POLLOCK S,2.76,26.67%,32.22%,31.11%,2.22%,7.78%,1
,RAMSEY H,2.5,37.5%,25.0%,12.5%,0.0%,25.0%,1
,SHIU A,2.82,32.265%,30.95%,29.74%,4.73%,2.315%,2
,,,,,,,
MATH-148,,,,,,,
,HESTER Y,2.38,1.925%,48.72%,38.78%,5.77%,4.81%,2
,KLEIN G,2.12,11.76%,29.41%,33.82%,8.82%,16.18%,1
,LAHODNY G,2.4,18.135%,32.39%,29.625%,12.885%,6.965%,2
,RAMSEY H,2.68,25.84%,36.6266666667%,24.0833333333%,7.62333333333%,5.82333333333%,3
,,,,,,,
MATH-150,,,,,,,
,ESER Z,1.89,11.27%,18.31%,36.62%,15.49%,18.31%,1
,FRY E,2.02,12.1185714286%,24.1185714286%,31.2985714286%,19.4742857143%,12.9885714286%,7
,KIM J,2.45,14.69%,33.92%,36.71%,9.79%,4.9%,1
,LYNCH B,1.92,10.9%,23.7%,30.33%,16.11%,18.96%,1
,PHILLIPSON M,2.29,14.29%,33.67%,26.53%,18.37%,7.14%,1
,SCARBOROUGH S,1.96,12.5133333333%,22.6833333333%,27.7366666667%,22.8266666667%,14.24%,3
,ZHANG Y,2.02,11.7%,26.6%,24.47%,27.66%,9.57%,1
,,,,,,,
MATH-151,,,,,,,
,AURISPA B,2.2,16.675%,27.57%,27.94%,13.55%,14.265%,2
,AUSTIN A,2.68,30.135%,31.36%,22.595%,9.6%,6.31%,2
,AVSEC S,2.58,21.74%,34.78%,32.61%,5.43%,5.43%,1
,BELMONTE A,2.19,16.25%,26.3266666667%,26.26%,17.59%,13.58%,3
,BRANNAN M,2.67,19.05%,42.86%,28.57%,4.76%,4.76%,1
,DAFNIS N,2.68,28.05%,34.15%,23.17%,7.32%,7.32%,1
,DEWOLFF T,2.15,13.89%,28.555%,28.11%,16.945%,12.5%,2
,HARRIS I,2.42,16.76%,34.68%,26.59%,13.87%,8.09%,1
,KAHLIG J,2.2,18.665%,28.42%,23.27%,17.87%,11.78%,2
,KIM J,2.87,32.628%,35.502%,21.438%,6.696%,3.736%,5
,KIRAL E,2.42,14.62%,32.16%,39.18%,9.36%,4.68%,1
,LAHODNY G,2.27,13.68%,28.42%,32.63%,16.84%,8.42%,1
,LAMBY P,2.54,21.35%,28.09%,37.08%,10.11%,3.37%,1
,LARIOS A,2.71,29.76%,33.33%,19.05%,9.52%,8.33%,1
,LEE S,2.65,27.6666666667%,30.09%,25.69%,11.42%,5.13333333333%,3
,LEWIS J,2.25,17.535%,29.1725%,24.62%,16.87%,11.8%,4
,LOZOVSKIY A,2.01,12.67%,24.05%,31.29%,18.01%,13.98%,2
,LYNCH B,2.48,24.24%,30.3%,15.15%,15.15%,15.15%,1
,MANUEL D,2.13,7.69%,33.73%,28.99%,21.3%,8.28%,1
,ONICA C,2.43,23.17%,25.61%,26.83%,18.29%,6.1%,1
,PEARLSTEIN R,2.07,10.05%,25.0466666667%,36.22%,20.41%,8.27333333333%,3
,PLAVNIK J,2.36,23.78%,26.57%,21.68%,16.78%,11.19%,1
,ROQUE S,2.07,12.21%,25.76%,33.165%,14.845%,14.015%,2
,SENGUPTA S,2.38,18.9933333333%,28.75%,32.0266666667%,13.11%,7.12%,3
,SHATALOV O,2.33,23.26%,25.58%,25.58%,13.95%,11.63%,1
,SHI K,2.48,16.9166666667%,28.6866666667%,37.4966666667%,7.29333333333%,9.6%,3
,SUKHTAYEV A,2.62,22.165%,35.11%,27.49%,10.85%,4.39%,2
,TAKHIROV A,2.2,15.85%,25.61%,29.27%,15.85%,13.41%,1
,TOMAS I,1.84,9.075%,21.625%,31.18%,17.975%,20.15%,2
,VALETTAS P,2.21,5.61%,37.67%,35.99%,15.675%,5.055%,2
,WANG K,2.67,34.29%,24.29%,25.71%,10.0%,5.71%,1
,WHITFIELD J,2.78,32.12%,32.75%,20.485%,10.53%,4.12%,2
,YANG R,2.68,22.22%,38.89%,27.78%,11.11%,0.0%,1
,YASSKIN P,2.94,37.12%,31.82%,15.91%,9.85%,5.3%,1
,,,,,,,
MATH-152,,,,,,,
,AURISPA B,2.68,30.5933333333%,29.0666666667%,25.31%,9.25%,5.77333333333%,3
,AUSTIN A,2.71,27.7666666667%,33.1366666667%,25.3866666667%,8.86%,4.85%,3
,BELMONTE A,2.73,28.57%,29.67%,27.47%,12.09%,2.2%,1
,BENLI M,2.85,28.77%,41.1%,19.18%,9.59%,1.37%,1
,ERDELYI T,2.35,19.83%,27.8775%,26.2675%,18.6375%,7.3875%,4
,GUO Y,2.12,18.12%,26.09%,23.19%,15.94%,16.67%,1
,GUSTAFSON R,2.81,31.21%,34.89%,24.0%,4.495%,5.41%,2
,IKENMEYER C,2.51,21.23%,32.88%,30.14%,9.59%,6.16%,1
,KAHLIG J,2.3,19.9933333333%,28.65%,24.85%,14.6133333333%,11.8866666667%,3
,KORDEK K,2.5,12.9%,40.32%,35.48%,6.45%,4.84%,1
,LAHODNY G,2.2,19.79%,29.17%,20.83%,13.54%,16.67%,1
,LEWIS J,2.3,17.3975%,25.1775%,35.0375%,12.85%,9.5375%,4
,LIANG C,2.49,19.1%,32.0833333333%,31.9666666667%,12.35%,4.5%,3
,LINHART J,2.61,33.33%,22.22%,23.15%,12.96%,8.33%,1
,LYNCH B,2.69,25.81%,37.3%,21.88%,9.915%,5.1%,2
,MANUEL D,2.72,30.72%,31.37%,22.88%,7.84%,7.19%,1
,ONEILL C,2.53,17.15%,37.24%,31.78%,9.285%,4.545%,2
,PEARLSTEIN R,2.2,17.06%,22.785%,31.745%,16.455%,11.955%,2
,POLLOCK S,2.35,23.03%,26.67%,27.88%,10.91%,11.52%,1
,REIHANI K,2.58,20.9%,36.07%,25.82%,11.89%,5.33%,1
,ROQUE S,2.43,22.6433333333%,27.5633333333%,31.6833333333%,9.24333333333%,8.86666666667%,3
,SAROGLOU C,2.74,32.1433333333%,27.5433333333%,25.21%,11.91%,3.19%,3
,SENGUPTA S,2.56,25.885%,29.3325%,28.6325%,9.6025%,6.545%,4
,SHI K,1.96,2.0%,18.0%,52.0%,24.0%,4.0%,1
,VOROBETS M,2.65,27.0525%,31.6075%,25.5925%,11.66%,4.0875%,4
,WANG K,2.65,20.0%,41.54%,24.62%,12.31%,1.54%,1
,WHITE J,2.75,27.33%,34.67%,24.0%,10.0%,4.0%,1
,WILLIAMS J,2.53,13.95%,44.19%,29.07%,10.47%,2.33%,1
,YANG H,2.44,25.97%,19.48%,24.68%,22.08%,7.79%,1
,YASSKIN P,3.07,41.555%,34.45%,14.91%,5.38%,3.71%,2
,ZEYTUNCU Y,2.67,28.42%,35.79%,16.84%,12.63%,6.32%,1
,,,,,,,
MATH-166,,,,,,,
