Course,Professor,GPA,% of A's,% of B's,% of C's,% of D's,% of F's,N
ASTR-101,,,,,,,
,DEPOY D,2.84,20.49%,49.27%,25.395%,3.135%,1.715%,2
,KRISCIUNAS K,2.67,29.4814285714%,29.35%,24.79%,11.7228571429%,4.65428571429%,7
,MACRI L,2.71,21.9766666667%,39.53%,27.8466666667%,9.07%,1.57666666667%,3
,SUNTZEFF N,3.01,36.99%,35.62%,20.55%,5.48%,1.37%,1
,TRAN K,2.85,34.18%,32.91%,21.1%,7.17%,4.64%,1
,WANG L,3.03,39.57%,35.945%,15.62%,5.4%,3.465%,2
,,,,,,,
ASTR-102,,,,,,,
,ALCORN L,3.86,87.4475%,11.44%,0.77%,0.0%,0.3425%,4
,FORREST B,3.82,84.2333333333%,13.48%,2.29%,0.0%,0.0%,6
,NAGASAWA D,3.78,80.31%,17.69%,1.335%,0.665%,0.0%,2
,QUICK A,3.97,96.875%,3.125%,0.0%,0.0%,0.0%,2
,,,,,,,
ASTR-109,,,,,,,
,TOBACK D,3.56,62.11%,29.47%,4.21%,1.05%,3.16%,1
,,,,,,,
ASTR-111,,,,,,,
,DEPOY D,3.0,25.0%,55.0%,15.0%,5.0%,0.0%,1
,KRISCIUNAS K,3.05,37.7325%,36.1975%,21.1525%,3.6425%,1.275%,4
,MARSHALL J,3.19,38.3%,42.55%,19.15%,0.0%,0.0%,1
,SUNTZEFF N,3.12,39.66%,37.3%,17.63%,5.415%,0.0%,2
,WANG L,3.6,72.13%,19.67%,3.28%,3.28%,1.64%,1
,,,,,,,
ASTR-119,,,,,,,
,CLARK S,3.22,36.59%,56.1%,2.44%,2.44%,2.44%,1
,COLLETTI K,3.6,72.56%,20.415%,2.855%,2.085%,2.085%,2
,UPADHYAYULA S,3.46,68.055%,18.81%,7.83%,0.0%,5.3%,2
,YEAGER S,3.79,78.13%,21.88%,0.0%,0.0%,0.0%,1
,ZHAO X,3.61,72.0%,20.0%,4.0%,0.0%,4.0%,1
,,,,,,,
ASTR-314,,,,,,,
,KRISCIUNAS K,3.24,45.95%,37.84%,13.51%,0.0%,2.7%,1
,PAPOVICH C,3.07,32.84%,46.045%,16.705%,2.94%,1.47%,2
,TRAN K,3.52,65.69%,22.055%,9.315%,1.96%,0.98%,2
,WANG L,2.82,32.35%,29.41%,26.47%,11.76%,0.0%,1
,,,,,,,
ASTR-320,,,,,,,
,KRISCIUNAS K,3.56,69.57%,26.09%,0.0%,0.0%,4.35%,1
,,,,,,,
ASTR-401,,,,,,,
,DEPOY D,4.0,100.0%,0.0%,0.0%,0.0%,0.0%,1
,,,,,,,
ASTR-403,,,,,,,
,STRIGARI L,3.29,47.62%,42.86%,0.0%,9.52%,0.0%,1
,,,,,,,
ASTR-491,,,,,,,
,MARSHALL J,4.0,100.0%,0.0%,0.0%,0.0%,0.0%,1
,TRAN K,4.0,100.0%,0.0%,0.0%,0.0%,0.0%,2
,,,,,,,
ASTR-601,,,,,,,
,PAPOVICH C,4.0,100.0%,0.0%,0.0%,0.0%,0.0%,1
,,,,,,,
ASTR-602,,,,,,,
,DEPOY D,4.0,100.0%,0.0%,0.0%,0.0%,0.0%,1
,,,,,,,
ASTR-603,,,,,,,
,MACRI L,3.43,85.71%,0.0%,0.0%,0.0%,14.29%,1
,,,,,,,
ASTR-605,,,,,,,
,SUNTZEFF N,4.0,100.0%,0.0%,0.0%,0.0%,0.0%,1
,,,,,,,
ASTR-606,,,,,,,
,STRIGARI L,4.0,100.0%,0.0%,0.0%,0.0%,0.0%,1
,,,,,,,
ASTR-689,,,,,,,
,DUTTA B,4.0,100.0%,0.0%,0.0%,0.0%,0.0%,1
,MACRI L,3.85,84.62%,15.38%,0.0%,0.0%,0.0%,1
,,,,,,,
BIOL-101,,,,,,,
,HALL T,2.41,12.79%,36.05%,32.56%,18.6%,0.0%,1
,MCKNIGHT T,2.59,25.76%,30.3%,25.76%,12.12%,6.06%,1
,,,,,,,
BIOL-107,,,,,,,
,JOHNSON J,2.47,15.57%,33.61%,37.7%,8.2%,4.92%,1
,WINEMILLER L,2.35,17.8666666667%,29.1683333333%,31.2916666667%,14.9416666667%,6.73666666667%,6
,,,,,,,
BIOL-111,,,,,,,
,KEMP W,2.3,13.5671428571%,32.0828571429%,32.1757142857%,15.4257142857%,6.74428571429%,7
,LEE C,2.27,11.93%,32.11%,33.03%,17.89%,5.05%,1
,MANSON M,2.98,25.0066666667%,51.6066666667%,20.2266666667%,2.79333333333%,0.37%,3
,RAO A,2.3,17.60875%,27.4775%,29.94125%,16.99375%,7.97875%,8
,RYAN K,2.07,8.215%,23.93%,48.215%,11.785%,7.855%,2
,TAG A,2.17,12.6675%,24.9425%,36.5825%,18.6825%,7.1225%,4
,VERSAW W,2.03,9.44%,24.9066666667%,35.9566666667%,18.8066666667%,10.89%,3
,WAN W,2.4,19.525%,30.435%,27.24%,16.47%,6.335%,2
,,,,,,,
BIOL-112,,,,,,,
,AUFDERHEIDE K,2.41,7.922%,40.486%,38.804%,10.284%,2.506%,5
,GRIFFING L,2.19,5.44%,30.61%,46.94%,13.61%,3.4%,1
,JOHNSON C,2.43,18.5928571429%,27.1842857143%,38.4071428571%,12.1428571429%,3.67142857143%,7
,LEE C,2.56,17.185%,38.49%,30.5525%,10.295%,3.4775%,4
,LINTS R,2.47,12.554%,40.43%,32.842%,9.712%,4.464%,5
,MANSON M,3.17,34.9025%,49.52%,14.0575%,1.2475%,0.2725%,4
,,,,,,,
BIOL-113,,,,,,,
,RAO A,2.68,22.4333333333%,38.38%,27.34%,8.15333333333%,3.69333333333%,3
,TAG A,2.53,18.18%,33.33%,39.39%,6.06%,3.03%,1
,WINEMILLER L,2.41,18.7875%,28.01%,35.25%,12.4125%,5.5375%,4
,,,,,,,
BIOL-123,,,,,,,
,HERLIHY S,2.5,18.07%,29.43%,37.84%,13.525%,1.135%,2
,LAIHING S,2.35,7.04%,38.855%,37.23%,13.935%,2.94%,2
,LEE C,2.63,15.79%,36.84%,42.11%,2.63%,2.63%,1
,RAMSEY M,2.61,10.835%,48.065%,34.055%,5.57%,1.47%,2
,SILVA P,2.77,31.82%,36.36%,18.18%,4.55%,9.09%,1
,,,,,,,
BIOL-206,,,,,,,
,BEREMAND P,2.47,16.995%,32.575%,37.155%,12.52%,0.76%,2
,MOYES R,2.75,24.055%,39.64%,25.265%,9.925%,1.11%,2
,TAG A,2.81,18.75%,50.0%,25.0%,6.25%,0.0%,1
,WAN W,3.31,43.2533333333%,47.0%,8.23%,0.64%,0.88%,3
,,,,,,,
BIOL-213,,,,,,,
,AUFDERHEIDE K,2.56,18.6%,31.7833333333%,39.0266666667%,7.87666666667%,2.71%,3
,ERICKSON J,2.57,20.805%,34.795%,30.75%,7.91%,5.74%,4
,LOCKLESS S,2.64,26.948%,32.158%,24.446%,10.568%,5.884%,5
,MAGGERT K,2.84,30.44%,40.33%,17.93%,5.62%,5.68%,2
,MENET J,2.49,26.015%,25.91%,26.37%,14.675%,7.03%,2
,QIN H,2.71,24.805%,35.755%,27.78%,8.685%,2.975%,2
,VERSAW W,2.42,8.33%,54.17%,16.67%,12.5%,8.33%,1
,,,,,,,
BIOL-214,,,,,,,
,BERNARDO J,2.62,17.0844444444%,41.1055555556%,30.9477777778%,8.70222222222%,2.15888888889%,9
,CRISCIONE C,2.7,14.58%,48.96%,28.13%,8.33%,0.0%,1
,JONES A,2.77,17.095%,51.56%,25.08%,3.85%,2.42%,2
,MERLIN C,2.66,16.13%,43.55%,30.65%,9.68%,0.0%,1
,PEPPER A,3.02,35.862%,38.75%,18.518%,4.972%,1.894%,5
,,,,,,,
BIOL-285,,,,,,,
,MAGGERT K,4.0,100.0%,0.0%,0.0%,0.0%,0.0%,1
,SMITH J,4.0,100.0%,0.0%,0.0%,0.0%,0.0%,1
,TAG A,3.83,83.33%,16.67%,0.0%,0.0%,0.0%,1
,WALTON J,4.0,100.0%,0.0%,0.0%,0.0%,0.0%,3
,WINEMILLER L,3.0,20.0%,60.0%,20.0%,0.0%,0.0%,1
,,,,,,,
BIOL-295,,,,,,,
,BAUMGARDNER D,4.0,100.0%,0.0%,0.0%,0.0%,0.0%,1
,MAGGERT K,3.81,95.24%,0.0%,0.0%,0.0%,4.76%,1
,,,,,,,
BIOL-300,,,,,,,
,BAUMGARDNER D,4.0,100.0%,0.0%,0.0%,0.0%,0.0%,3
,,,,,,,
BIOL-318,,,,,,,
,GREENBAUM I,2.11,6.61666666667%,34.26%,31.4833333333%,19.71%,7.93666666667%,3
,,,,,,,
BIOL-319,,,,,,,
,COHN W,2.62,17.802%,34.053%,43.732%,2.186%,2.229%,10
,,,,,,,
BIOL-320,,,,,,,
,TAYLOR L,2.43,13.218%,31.618%,43.63%,8.999%,2.531%,10
,,,,,,,
BIOL-335,,,,,,,
,WICKSTEN M,2.9,32.02%,34.24%,28.0166666667%,4.64666666667%,1.07666666667%,3
,,,,,,,
BIOL-344,,,,,,,
,RILEY B,2.91,38.53%,29.7675%,18.0725%,10.455%,3.175%,4
,,,,,,,
BIOL-350,,,,,,,
,ARAMAYO R,3.5,62.5%,25.0%,12.5%,0.0%,0.0%,1
,,,,,,,
BIOL-351,,,,,,,
,SACHS M,2.68,20.9275%,41.405%,25.745%,8.785%,3.1425%,4
,SIEGELE D,2.9,26.7628571429%,41.3171428571%,28.2328571429%,3.42428571429%,0.26%,7
,SMITH J,2.75,21.8066666667%,42.2233333333%,27.87%,6.89333333333%,1.21333333333%,3
,SORG J,2.64,22.335%,37.165%,24.665%,14.0%,1.835%,2
,,,,,,,
BIOL-357,,,,,,,
,BAUMGARDNER D,3.4,52.76%,36.2775%,9.9975%,0.62%,0.3425%,4
,,,,,,,
BIOL-358,,,,,,,
,BAUMGARDNER D,3.84,84.785%,14.695%,0.521666666667%,0.0%,0.0%,6
,,,,,,,
BIOL-388,,,,,,,
,SCOTT T,2.94,23.7125%,51.155%,21.895%,2.085%,1.155%,4
,,,,,,,
BIOL-395,,,,,,,
,TAG A,3.43,81.82%,0.0%,9.09%,0.0%,9.09%,1
,,,,,,,
BIOL-401,,,,,,,
,CARNEY G,3.4,58.345%,29.6133333333%,8.755%,0.658333333333%,2.625%,6
,,,,,,,
BIOL-405,,,,,,,
,MACKENZIE D,3.41,56.9966666667%,31.5933333333%,8.07666666667%,1.66666666667%,1.66666666667%,3
,,,,,,,
BIOL-406,,,,,,,
,MANSON M,3.27,40.2766666667%,48.1033333333%,10.2266666667%,1.39%,0.0%,3
,SORG J,3.13,33.245%,49.51%,15.775%,0.0%,1.47%,4
,,,,,,,
BIOL-413,,,,,,,
,AUFDERHEIDE K,2.87,24.325%,46.545%,22.3225%,5.805%,1.005%,4
,RYAN K,2.55,22.6733333333%,29.3733333333%,30.8033333333%,14.4466666667%,2.7%,3
,,,,,,,
BIOL-414,,,,,,,
,LEKVEN A,2.85,33.27%,34.8633333333%,19.3833333333%,8.37%,4.11333333333%,3
,,,,,,,
BIOL-423,,,,,,,
,GRIFFING L,3.52,66.4566666667%,22.54%,8.48333333333%,0.853333333333%,1.66666666667%,3
,,,,,,,
BIOL-430,,,,,,,
,GRIFFING L,3.57,68.2825%,25.8025%,4.5275%,0.0%,1.39%,4
,,,,,,,
BIOL-434,,,,,,,
,HARLOW M,3.42,57.4575%,29.7175%,11.485%,0.0%,1.34%,4
,SMOTHERMAN M,3.44,60.6333333333%,24.92%,13.3333333333%,0.0%,1.11%,3
,,,,,,,
BIOL-435,,,,,,,
,SMOTHERMAN M,4.0,100.0%,0.0%,0.0%,0.0%,0.0%,4
,,,,,,,
BIOL-437,,,,,,,
,LIN X,3.21,39.0525%,43.985%,15.645%,1.315%,0.0%,4
,,,,,,,
BIOL-438,,,,,,,
,MANSON M,3.11,31.8%,47.9325%,19.46%,0.8075%,0.0%,4
,,,,,,,
BIOL-440,,,,,,,
,WICKSTEN M,3.13,34.4433333333%,47.7766666667%,14.4433333333%,3.33%,0.0%,3
,,,,,,,
BIOL-451,,,,,,,
,THOMAS T,3.66,70.31%,25.83%,3.86%,0.0%,0.0%,7
,,,,,,,
BIOL-452,,,,,,,
,SACHS M,3.33,44.44%,44.44%,11.11%,0.0%,0.0%,1
,,,,,,,
BIOL-454,,,,,,,
,MOYES R,2.77,21.8225%,48.21%,17.9125%,9.0325%,3.0225%,4
,,,,,,,
BIOL-455,,,,,,,
,KASTER B,3.08,38.46%,38.46%,15.38%,7.69%,0.0%,1
,MOYES R,3.33,50.0%,41.67%,0.0%,8.33%,0.0%,1
,,,,,,,
BIOL-456,,,,,,,
,MOYES R,3.07,35.0566666667%,42.7666666667%,16.6766666667%,5.49666666667%,0.0%,3
,,,,,,,
BIOL-461,,,,,,,
,SMITH J,3.92,92.0633333333%,7.93666666667%,0.0%,0.0%,0.0%,3
,,,,,,,
BIOL-466,,,,,,,
,GREENBAUM I,2.26,8.665%,36.8725%,33.0575%,14.16%,7.245%,4
,,,,,,,
BIOL-467,,,,,,,
,ROSENTHAL G,3.46,61.6966666667%,27.2166666667%,8.02666666667%,1.55333333333%,1.5%,3
,,,,,,,
BIOL-481,,,,,,,
,ADAMS V,3.9,90.0%,10.0%,0.0%,0.0%,0.0%,2
,GARCIA L,3.98,98.4128571429%,1.58714285714%,0.0%,0.0%,0.0%,7
,MCKNIGHT T,3.92,96.15%,0.0%,3.85%,0.0%,0.0%,1
,SCOTT T,3.87,87.1%,12.9%,0.0%,0.0%,0.0%,1
,,,,,,,
BIOL-485,,,,,,,
,TAG A,3.5,66.665%,22.22%,5.555%,5.555%,0.0%,2
,,,,,,,
BIOL-487,,,,,,,
,CRISCIONE C,2.75,30.95%,34.52%,18.255%,10.715%,5.555%,2
,,,,,,,
BIOL-489,,,,,,,
,GOMER R,4.0,100.0%,0.0%,0.0%,0.0%,0.0%,1
,SMITH J,4.0,100.0%,0.0%,0.0%,0.0%,0.0%,1
,WINEMILLER L,3.91,90.91%,9.09%,0.0%,0.0%,0.0%,2
,,,,,,,
BIOL-491,,,,,,,
,BAUMGARDNER D,4.0,100.0%,0.0%,0.0%,0.0%,0.0%,7
,GRIFFING L,3.89,88.572%,11.428%,0.0%,0.0%,0.0%,5
,MANSON M,4.0,100.0%,0.0%,0.0%,0.0%,0.0%,1
,MCKNIGHT T,3.97,96.9842857143%,3.01571428571%,0.0%,0.0%,0.0%,7
,WICKSTEN M,4.0,100.0%,0.0%,0.0%,0.0%,0.0%,1
,,,,,,,
BIOL-493,,,,,,,
,TAG A,3.74,82.955%,12.5%,0.0%,4.545%,0.0%,2
,,,,,,,
BIOL-495,,,,,,,
,MCMAHAN U,4.0,100.0%,0.0%,0.0%,0.0%,0.0%,1
,SACHS M,3.8,90.7825%,3.6625%,2.7775%,0.0%,2.7775%,4
,,,,,,,
BIOL-601,,,,,,,
,HARDIN P,3.13,37.5%,37.5%,25.0%,0.0%,0.0%,1
,,,,,,,
BIOL-602,,,,,,,
,HOLZENBURG A,3.79,79.025%,20.975%,0.0%,0.0%,0.0%,6
,,,,,,,
BIOL-603,,,,,,,
,HOLZENBURG A,3.83,83.33%,16.67%,0.0%,0.0%,0.0%,2
,,,,,,,
BIOL-604,,,,,,,
,HOLZENBURG A,3.83,82.7366666667%,17.2633333333%,0.0%,0.0%,0.0%,3
,,,,,,,
BIOL-606,,,,,,,
,SORG J,3.22,35.6866666667%,50.8433333333%,13.4666666667%,0.0%,0.0%,3
,,,,,,,
BIOL-608,,,,,,,
,HOLZENBURG A,3.86,86.11%,13.89%,0.0%,0.0%,0.0%,2
,NAN B,3.88,87.5%,12.5%,0.0%,0.0%,0.0%,1
,,,,,,,
BIOL-609,,,,,,,
,LEKVEN A,3.86,90.48%,4.76%,4.76%,0.0%,0.0%,1
,MENET J,3.45,48.335%,48.335%,3.335%,0.0%,0.0%,2
,,,,,,,
BIOL-610,,,,,,,
,JONES A,3.57,78.57%,14.285%,0.0%,0.0%,7.145%,2
,,,,,,,
BIOL-611,,,,,,,
,RILEY B,3.5,58.335%,33.335%,8.335%,0.0%,0.0%,2
,,,,,,,
BIOL-613,,,,,,,
,RYAN K,3.32,39.595%,56.4%,2.0825%,0.0%,1.9225%,4
,,,,,,,
BIOL-615,,,,,,,
,LEKVEN A,3.48,59.0466666667%,29.5233333333%,11.43%,0.0%,0.0%,3
,,,,,,,
BIOL-622,,,,,,,
,SIEGELE D,3.83,86.2866666667%,10.6833333333%,3.03%,0.0%,0.0%,3
,,,,,,,
BIOL-625,,,,,,,
,HARLOW M,3.83,83.3333333333%,16.6666666667%,0.0%,0.0%,0.0%,3
,,,,,,,
BIOL-635,,,,,,,
,PEPPER A,3.4,47.7275%,44.445%,7.8275%,0.0%,0.0%,4
,,,,,,,
BIOL-644,,,,,,,
,ZORAN M,4.0,100.0%,0.0%,0.0%,0.0%,0.0%,1
,,,,,,,
BIOL-650,,,,,,,
,ARAMAYO R,3.76,78.0966666667%,19.5233333333%,2.38%,0.0%,0.0%,3
,,,,,,,
BIOL-651,,,,,,,
,TEXAS A,3.78,77.78%,22.22%,0.0%,0.0%,0.0%,2
,THOMAS T,3.89,88.4928571429%,11.5071428571%,0.0%,0.0%,0.0%,7
,,,,,,,
BIOL-652,,,,,,,
,MAGGERT K,4.0,100.0%,0.0%,0.0%,0.0%,0.0%,1
,,,,,,,
BIOL-682,,,,,,,
,DEPARTMENT T,4.0,100.0%,0.0%,0.0%,0.0%,0.0%,1
,MCMAHAN U,4.0,100.0%,0.0%,0.0%,0.0%,0.0%,3
,SCIENCE D,4.0,100.0%,0.0%,0.0%,0.0%,0.0%,1
,TEXAS A,4.0,100.0%,0.0%,0.0%,0.0%,0.0%,1
,TOTAL S,4.0,100.0%,0.0%,0.0%,0.0%,0.0%,1
,,,,,,,
BIOL-685,,,,,,,
,LEKVEN A,4.0,100.0%,0.0%,0.0%,0.0%,0.0%,2
,MCMAHAN U,4.0,100.0%,0.0%,0.0%,0.0%,0.0%,2
,,,,,,,
BIOL-689,,,,,,,
,ARAMAYO R,3.93,93.3333333333%,6.66666666667%,0.0%,0.0%,0.0%,3
,JONES A,3.7,70.0%,30.0%,0.0%,0.0%,0.0%,1
,SCIENCE D,4.0,100.0%,0.0%,0.0%,0.0%,0.0%,1
,TEXAS A,4.0,100.0%,0.0%,0.0%,0.0%,0.0%,1
,TOTAL S,4.0,100.0%,0.0%,0.0%,0.0%,0.0%,1
,,,,,,,
BIOL-697,,,,,,,
,DEPARTMENT T,4.0,100.0%,0.0%,0.0%,0.0%,0.0%,1
,GREENBAUM I,4.0,100.0%,0.0%,0.0%,0.0%,0.0%,3
,SCIENCE D,4.0,100.0%,0.0%,0.0%,0.0%,0.0%,1
,TEXAS A,4.0,100.0%,0.0%,0.0%,0.0%,0.0%,1
,TOTAL S,4.0,100.0%,0.0%,0.0%,0.0%,0.0%,1
,,,,,,,
BIOL-698,,,,,,,
,CARNEY G,3.31,52.68%,40.18%,0.0%,0.0%,7.145%,2
,,,,,,,
CHEM-100,,,,,,,
,GAEDE H,3.7,80.56%,12.4833333333%,4.52%,1.56%,0.873333333333%,3
,,,,,,,
CHEM-101,,,,,,,
,BARONDEAU D,2.46,20.74%,31.4733333333%,27.1966666667%,14.53%,6.06%,3
,BATTEAS J,2.56,20.93%,34.88%,27.91%,11.63%,4.65%,1
,BETHEL R,2.53,20.55%,32.08%,31.24%,12.79%,3.35%,1
,CHAKRABARTI M,2.64,27.18%,35.15%,20.0%,9.71%,7.96%,1
,HILTY C,2.27,17.07%,26.83%,29.27%,19.51%,7.32%,1
,LEUNG T,2.24,21.43%,23.81%,23.81%,19.05%,11.9%,1
,LIM S,2.56,22.035%,31.64%,31.49%,10.19%,4.645%,2
,MCCARTNEY S,2.38,20.83%,27.01%,28.875%,16.045%,7.24%,2
,MULLEN C,2.39,16.49%,33.68%,28.875%,14.7%,6.26%,2
,NORTH S,2.81,33.73%,30.71%,23.575%,6.67%,5.32%,2
,ROSYNEK M,3.07,38.2233333333%,34.8566666667%,23.3%,2.66333333333%,0.953333333333%,3
,SHELDON M,2.59,21.31%,30.725%,36.85%,7.745%,3.375%,2
,SKILES S,2.3,13.4%,34.45%,32.54%,7.66%,11.96%,1
,STOLLENZ M,2.47,12.82%,42.95%,29.49%,7.69%,7.05%,1
,TRUFAN E,2.24,16.7%,27.04%,30.02%,16.5%,9.74%,1
,UTLEY D,2.37,21.27%,30.6%,22.76%,14.18%,11.19%,1
,WILLIAMSON V,2.67,27.16%,31.14%,26.7533333333%,10.9266666667%,4.02%,3
,,,,,,,
CHEM-102,,,,,,,
,BANERJEE S,3.22,52.54%,25.065%,13.94%,8.45%,0.0%,2
,BETHEL R,2.72,18.6%,40.93%,34.42%,6.05%,0.0%,1
,CHAKRABARTI M,2.85,29.41%,40.11%,21.39%,3.74%,5.35%,1
,DEMPSEY S,2.49,24.475%,27.285%,28.505%,12.035%,7.7%,2
,FOLDEN C,2.62,21.13%,31.32%,36.6%,10.57%,0.38%,1
,LINDAHL P,2.68,23.23%,32.645%,35.44%,6.285%,2.4%,2
,MAWK E,2.06,10.0%,28.75%,32.5%,15.0%,13.75%,1
,MCCARTNEY S,2.38,13.005%,37.395%,30.155%,13.77%,5.675%,2
,NATOWITZ J,3.42,41.67%,58.33%,0.0%,0.0%,0.0%,1
,NIPPE M,2.5,11.11%,37.57%,42.86%,7.41%,1.06%,1
,ROSYNEK M,3.38,53.3175%,33.07%,12.7775%,0.0%,0.8325%,4
,SCHWEIKERT E,3.13,39.13%,39.13%,17.39%,4.35%,0.0%,1
,STOLLENZ M,2.6,16.22%,39.86%,32.43%,10.14%,1.35%,1
,UTLEY D,2.73,25.62%,37.81%,24.17%,8.47%,3.93%,1
,WILLIAMSON V,2.56,20.655%,33.66%,30.19%,11.9%,3.6%,2
,,,,,,,
CHEM-103,,,,,,,
,DARENSBOURG D,3.09,43.75%,25.0%,28.13%,3.13%,0.0%,1
,,,,,,,
CHEM-104,,,,,,,
,DARENSBOURG D,3.05,45.455%,22.73%,22.73%,9.095%,0.0%,2
,,,,,,,
CHEM-106,,,,,,,
,GABBAI F,2.77,17.65%,52.94%,17.65%,11.76%,0.0%,1
,GAEDE H,2.59,17.71%,39.0766666667%,30.5466666667%,9.49333333333%,3.17666666667%,3
,MACFARLANE R,3.35,47.83%,39.13%,13.04%,0.0%,0.0%,1
,MULLEN C,2.57,18.92%,29.73%,40.54%,10.81%,0.0%,1
,YENNELLO S,2.43,13.64%,38.64%,29.55%,13.64%,4.55%,1
,,,,,,,
CHEM-107,,,,,,,
,BARONDEAU D,2.36,17.085%,27.365%,38.02%,9.125%,8.4%,2
,BETHEL R,2.56,19.56%,36.74%,27.7%,12.15%,3.85%,1
,BROWN L,2.68,23.21%,37.25%,27.7666666667%,8.325%,3.44833333333%,6
,COLLINS D,2.41,16.08%,34.08%,32.64%,9.97%,7.23%,1
,GOODEY J,2.52,14.2933333333%,38.45%,34.8133333333%,10.01%,2.44%,3
,HUGHBANKS T,2.58,13.5225%,44.835%,30.2125%,8.6475%,2.7825%,4
,RAYMOND J,2.67,17.55%,47.57%,22.62%,8.88%,3.38%,1
,,,,,,,
CHEM-111,,,,,,,
,BARONDEAU D,3.04,34.285%,43.095%,15.95%,3.335%,3.335%,2
,BATTEAS J,3.04,37.14%,45.71%,8.57%,2.86%,5.71%,1
,BETHEL R,2.69,17.565%,46.695%,26.0075%,6.795%,2.9375%,4
,BEVAN J,2.92,22.065%,54.97%,18.84%,0.845%,3.28%,2
,BROWN L,2.83,21.7066666667%,50.3733333333%,20.6433333333%,2.76%,4.51833333333%,6
,CHAKRABARTI M,2.84,20.0%,55.35%,15.35%,6.98%,2.33%,1
,COLLINS D,2.55,15.535%,40.93%,31.18%,8.785%,3.57%,2
,DEMPSEY S,2.26,5.56%,36.11%,41.67%,13.89%,2.78%,1
,FANN H,2.95,26.45%,52.07%,15.7%,4.13%,1.65%,1
,GAMEZ R,2.69,18.085%,51.165%,17.06%,9.47%,4.22%,2
,HILTY C,3.05,31.82%,45.45%,18.18%,4.55%,0.0%,1
,LAANE J,2.65,11.11%,53.7%,27.78%,1.85%,5.56%,1
,LEUNG T,2.72,16.3133333333%,49.5366666667%,27.4766666667%,3.28333333333%,3.39333333333%,3
,MACFARLANE R,2.46,11.51%,40.29%,36.69%,6.47%,5.04%,1
,MCCARTNEY S,2.73,17.655%,49.3725%,24.8825%,5.125%,2.97%,4
,MULLEN C,2.51,13.95%,46.51%,20.93%,13.95%,4.65%,1
,NARINDOSHVILI T,2.78,14.46%,54.22%,26.51%,4.82%,0.0%,1
,NORTH S,3.17,32.58%,50.905%,16.515%,0.0%,0.0%,2
,POTTS J,2.84,18.0%,53.6633333333%,23.1833333333%,4.70333333333%,0.456666666667%,3
,PROSVIRIN A,2.76,20.31%,48.905%,19.42%,8.995%,2.37%,2
,RAYMOND J,2.54,14.29%,44.9%,28.57%,6.12%,6.12%,1
,ROSYNEK M,3.41,63.22%,21.91%,10.05%,2.40666666667%,2.40666666667%,3
,SAMOUEI H,2.58,12.68%,45.07%,32.39%,5.63%,4.23%,1
,SKILES S,2.45,5.0%,60.0%,20.0%,5.0%,10.0%,1
,STOLLENZ M,2.79,18.53%,55.28%,17.4075%,3.9225%,4.855%,4
,TRUFAN E,2.62,17.24%,48.28%,22.41%,3.45%,8.62%,1
,UTLEY D,2.86,20.61%,55.9533333333%,15.51%,5.34%,2.58%,3
,WILLIAMSON V,2.68,17.895%,49.3433333333%,21.0383333333%,6.735%,4.99166666667%,6
,YEAGER D,2.82,19.2833333333%,56.02%,15.28%,6.02%,3.40333333333%,3
,,,,,,,
CHEM-112,,,,,,,
,BANERJEE S,3.53,65.865%,21.795%,12.34%,0.0%,0.0%,2
,BETHEL R,2.79,17.91%,52.3025%,23.61%,3.8775%,2.3025%,4
,BEVAN J,2.74,16.16%,54.8%,19.0%,7.1675%,2.875%,4
,BROWN L,2.77,19.68%,48.2885714286%,23.68%,5.46%,2.89%,7
,CHAKRABARTI M,2.82,16.15%,57.81%,19.79%,4.17%,2.08%,1
,COLLINS D,2.83,18.72%,50.73%,25.815%,4.01%,0.72%,2
,DEMPSEY S,2.88,19.965%,49.62%,28.75%,1.655%,0.0%,2
,LAANE J,2.98,18.39%,64.37%,14.94%,1.15%,1.15%,1
,LEUNG T,2.95,25.64%,51.28%,17.95%,2.56%,2.56%,1
,LINDAHL P,2.72,22.22%,33.33%,38.89%,5.56%,0.0%,1
,MACFARLANE R,2.92,22.22%,53.41%,19.35%,3.94%,1.08%,1
,MAWK E,2.79,22.92%,41.67%,29.17%,4.17%,2.08%,1
,MCCARTNEY S,2.79,18.5475%,52.825%,20.3275%,4.7425%,3.56%,4
,MULLEN C,2.95,17.27%,61.82%,20.0%,0.91%,0.0%,1
,PROSVIRIN A,2.85,17.39%,53.04%,27.83%,0.87%,0.87%,1
,RAYMOND J,2.69,14.43%,49.48%,27.84%,6.19%,2.06%,1
,ROSYNEK M,3.51,62.9975%,26.1925%,10.8125%,0.0%,0.0%,4
,SCHWEIKERT E,3.64,78.95%,10.53%,10.53%,0.0%,0.0%,1
,SKILES S,3.01,22.39%,56.72%,20.9%,0.0%,0.0%,1
,STOLLENZ M,2.83,18.112%,52.724%,25.386%,2.31%,1.468%,5
,TRUFAN E,2.91,21.53%,52.97%,21.04%,3.22%,1.24%,1
,UTLEY D,2.78,18.5666666667%,47.71%,28.46%,4.19333333333%,1.07%,3
,WERKE C,2.84,20.97%,46.77%,25.81%,4.84%,1.61%,1
,WILLIAMSON V,2.83,19.1357142857%,51.2785714286%,24.4171428571%,3.33714285714%,1.83142857143%,7
,YEAGER D,2.97,22.5933333333%,55.46%,18.85%,2.84666666667%,0.25%,3
,,,,,,,
CHEM-113,,,,,,,
,DARENSBOURG D,2.35,26.67%,23.33%,23.33%,13.33%,13.33%,1
,,,,,,,
CHEM-114,,,,,,,
,DARENSBOURG D,3.48,65.945%,22.98%,6.52%,2.38%,2.175%,2
,,,,,,,
CHEM-116,,,,,,,
,BEVAN J,2.88,22.95%,51.2566666667%,18.45%,5.75333333333%,1.58666666667%,3
,BROWN L,2.92,23.08%,46.15%,30.77%,0.0%,0.0%,1
,MCCARTNEY S,2.95,22.3766666667%,57.35%,12.8633333333%,7.40666666667%,0.0%,3
,TRUFAN E,3.15,30.0%,57.5%,10.0%,2.5%,0.0%,1
,YEAGER D,3.0,14.29%,71.43%,14.29%,0.0%,0.0%,1
,,,,,,,
CHEM-117,,,,,,,
,BETHEL R,2.62,16.3175%,45.1475%,27.885%,6.1225%,4.5275%,4
,BEVAN J,2.64,15.5875%,47.265%,26.2625%,7.21%,3.6825%,4
,BROWN L,2.69,16.3971428571%,47.3185714286%,27.9757142857%,5.26571428571%,3.04142857143%,7
,CHAKRABARTI M,2.68,14.285%,52.38%,22.62%,8.33%,2.38%,2
,COLLINS D,2.63,15.665%,44.175%,30.53%,6.42%,3.215%,2
,DEMPSEY S,2.68,11.45%,55.42%,24.7%,6.02%,2.41%,1
,LAANE J,2.59,13.53%,49.62%,23.31%,9.77%,3.76%,1
,LEUNG T,2.67,18.31%,45.07%,26.76%,5.63%,4.23%,1
,MACFARLANE R,2.57,17.27%,44.6%,23.74%,8.63%,5.76%,1
,MCCARTNEY S,2.64,14.3%,48.455%,27.1825%,6.265%,3.7975%,4
,MULLEN C,2.51,11.11%,44.44%,33.33%,6.67%,4.44%,1
,RAYMOND J,2.73,22.73%,45.45%,18.18%,9.09%,4.55%,1
,SANCHEZ F,2.65,15.0933333333%,45.79%,30.0233333333%,6.67333333333%,2.41666666667%,3
,SKILES S,2.53,11.86%,43.5%,34.46%,5.65%,4.52%,1
,STOLLENZ M,2.61,16.49%,47.1%,21.688%,10.486%,4.234%,5
,TRUFAN E,2.74,13.92%,58.23%,19.62%,4.43%,3.8%,1
,UTLEY D,2.7,15.9533333333%,51.07%,23.0233333333%,7.33%,2.62333333333%,3
,WERKE C,2.78,16.875%,50.855%,25.965%,6.305%,0.0%,2
,WILLIAMSON V,2.69,16.0728571429%,48.9614285714%,25.0528571429%,7.35428571429%,2.56%,7
,YEAGER D,2.66,13.9733333333%,50.25%,26.1766666667%,7.83%,1.77%,3
,,,,,,,
CHEM-222,,,,,,,
,MULLEN C,2.45,18.3366666667%,31.7211111111%,31.8844444444%,12.9955555556%,5.06555555556%,9
,,,,,,,
CHEM-227,,,,,,,
,BERGBREITER D,3.34,44.685%,45.795%,8.56%,0.96%,0.0%,2
,FANG L,2.57,20.44%,34.755%,30.77%,9.885%,4.155%,2
,GOPALAKRISHNAN G,2.63,23.5225%,32.8225%,30.075%,10.02%,3.555%,4
,HARDING K,2.49,27.74%,25.375%,21.945%,17.93%,7.01%,2
,JIANG L,2.49,21.555%,32.26%,27.01%,12.77%,6.405%,2
,PENNINGTON J,2.42,18.0875%,29.3875%,34.945%,12.145%,5.435%,4
,PONNAMPERUMA K,2.57,16.43%,35.3133333333%,39.5266666667%,6.45666666667%,2.26666666667%,3
,POWERS D,2.65,21.18%,36.47%,29.41%,11.76%,1.18%,1
,SANTANDER P,2.46,15.69%,33.7033333333%,35.3366666667%,10.9266666667%,4.33666666667%,3
,SCHAEFER A,2.46,17.72%,29.11%,34.18%,18.99%,0.0%,1
,SCZEPANSKI J,2.44,22.62%,25.0%,33.33%,11.9%,7.14%,1
,SINGLETON D,2.73,23.84%,38.06%,26.85%,9.735%,1.515%,2
,SUN G,2.52,19.1%,33.71%,31.46%,11.24%,4.49%,1
,WAAS J,2.49,24.275%,27.745%,28.56%,12.56%,6.86%,2
,WHEELER S,2.49,27.47%,28.57%,19.78%,14.29%,9.89%,1
,,,,,,,
CHEM-228,,,,,,,
,BERGBREITER D,3.47,52.8433333333%,42.2733333333%,4.11%,0.776666666667%,0.0%,3
,BURGESS K,2.5,16.62%,34.75%,30.22%,18.405%,0.0%,2
,GOPALAKRISHNAN G,2.73,27.5866666667%,31.4766666667%,30.09%,7.78666666667%,3.06333333333%,3
,HARDING K,2.44,30.16%,20.63%,25.4%,11.11%,12.7%,1
,HILDRETH R,2.62,17.89%,40.0%,32.63%,5.26%,4.21%,1
,JIANG L,2.43,18.865%,32.89%,27.555%,13.625%,7.07%,2
,PENNINGTON J,2.61,22.5866666667%,36.0166666667%,26.81%,9.52%,5.06333333333%,3
,PONNAMPERUMA K,2.52,15.3325%,38.0725%,33.7475%,9.65%,3.195%,4
,SANTANDER P,2.4,17.8083333333%,31.1283333333%,30.9216666667%,13.1916666667%,6.955%,6
,SINGLETON D,2.83,32.548%,26.588%,34.11%,4.64%,2.108%,5
,WATANABE C,3.02,27.2333333333%,48.66%,22.7933333333%,1.31333333333%,0.0%,3
,,,,,,,
CHEM-231,,,,,,,
,BERGBREITER D,3.05,32.5%,50.0%,12.5%,5.0%,0.0%,1
,BURGESS K,3.03,38.78%,38.78%,12.24%,6.12%,4.08%,1
,ROMO D,3.42,58.44%,33.77%,2.6%,2.6%,2.6%,1
,,,,,,,
CHEM-234,,,,,,,
,HARDING K,3.17,36.726%,47.82%,11.454%,4.0%,0.0%,5
,JIANG L,2.88,30.68%,35.225%,29.925%,0.0%,4.165%,2
,SANTANDER P,3.17,41.67%,41.67%,12.5%,0.0%,4.165%,2
,SCHAEFER A,3.05,30.4325%,54.3725%,9.795%,0.0%,5.3975%,4
,SUN G,3.36,45.45%,45.45%,9.09%,0.0%,0.0%,1
,TINER T,3.01,31.856%,42.92%,20.112%,5.114%,0.0%,5
,,,,,,,
CHEM-237,,,,,,,
,GOPALAKRISHNAN G,3.1,29.7%,54.4766666667%,12.9683333333%,1.49166666667%,1.36666666667%,6
,HARDING K,3.05,29.7028571429%,51.7028571429%,14.6228571429%,1.98%,1.99%,7
,HILDRETH R,3.07,26.23%,56.56%,15.57%,0.82%,0.82%,1
,JIANG L,3.02,29.015%,47.655%,19.685%,3.445%,0.205%,2
,PENNINGTON J,3.0,28.87%,50.855%,14.845%,2.73%,2.6925%,4
,PONNAMPERUMA K,3.07,30.7483333333%,50.715%,15.0916666667%,1.325%,2.12166666667%,6
,SANTANDER P,3.03,28.1016666667%,52.9933333333%,15.1666666667%,1.64833333333%,2.09166666667%,6
,SUN G,2.81,37.5%,25.0%,25.0%,6.25%,6.25%,1
,WAAS J,3.02,29.305%,51.69%,13.34%,3.215%,2.45%,2
,,,,,,,
CHEM-238,,,,,,,
,GOPALAKRISHNAN G,3.07,31.256%,50.484%,14.564%,1.454%,2.242%,5
,HARDING K,3.14,31.7866666667%,52.5966666667%,13.75%,1.3%,0.56%,3
,HILDRETH R,3.15,38.85%,42.64%,14.72%,1.3%,2.49%,2
,JIANG L,3.15,37.5033333333%,43.05%,16.7266666667%,2.05%,0.673333333333%,3
,PENNINGTON J,3.06,28.41%,53.796%,14.91%,1.49%,1.394%,5
,PONNAMPERUMA K,3.17,34.8316666667%,49.145%,14.5666666667%,0.996666666667%,0.463333333333%,6
,SANTANDER P,3.06,31.3666666667%,48.9766666667%,15.4466666667%,1.73333333333%,2.47166666667%,6
,SINGLETON D,2.98,37.04%,37.04%,18.52%,3.7%,3.7%,1
,SUN G,3.02,21.74%,63.04%,10.87%,4.35%,0.0%,1
,WAAS J,2.96,30.36%,45.135%,19.12%,4.345%,1.035%,2
,,,,,,,
CHEM-242,,,,,,,
,MULLEN C,3.07,28.725%,53.73%,15.3466666667%,0.786666666667%,1.40666666667%,6
,,,,,,,
CHEM-315,,,,,,,
,MACFARLANE R,3.45,57.9275%,31.27%,9.2675%,1.0525%,0.48%,4
,MAWK E,3.09,43.99%,30.605%,15.925%,9.475%,0.0%,2
,RUSSELL D,2.46,7.14%,35.71%,53.57%,3.57%,0.0%,1
,,,,,,,
CHEM-316,,,,,,,
,LIM S,3.08,33.418%,45.47%,17.408%,2.606%,1.096%,5
,SORIAGA E,2.67,33.33%,25.0%,25.0%,8.33%,8.33%,1
,,,,,,,
CHEM-317,,,,,,,
,SCHWEIKERT E,2.78,19.79%,48.96%,20.835%,10.415%,0.0%,2
,,,,,,,
CHEM-318,,,,,,,
,BATTEAS J,3.55,60.0%,35.0%,5.0%,0.0%,0.0%,1
,LIM S,3.15,35.4983333333%,47.3266666667%,14.4016666667%,2.565%,0.211666666667%,6
,MACFARLANE R,3.07,26.708%,57.38%,14.662%,0.0%,1.25%,5
,SORIAGA E,3.31,54.1%,27.87%,16.39%,1.64%,0.0%,1
,,,,,,,
CHEM-320,,,,,,,
,MAWK E,3.05,31.02%,45.37%,21.76%,1.85%,0.0%,2
,,,,,,,
CHEM-322,,,,,,,
,BEVAN J,2.78,22.53%,40.66%,32.97%,0.0%,3.845%,2
,HILTY C,2.77,19.3%,42.11%,36.84%,0.0%,1.75%,1
,LAANE J,3.06,38.24%,35.29%,23.53%,0.0%,2.94%,1
,WHEELER S,2.73,10.81%,62.16%,21.62%,0.0%,5.41%,1
,,,,,,,
CHEM-325,,,,,,,
,BROWN L,3.13,30.8625%,55.7725%,12.1125%,0.0%,1.25%,4
,GAEDE H,2.81,30.3%,34.47%,26.135%,4.545%,4.545%,2
,HILTY C,3.32,38.71%,54.84%,6.45%,0.0%,0.0%,1
,LAANE J,3.45,47.22%,50.0%,2.78%,0.0%,0.0%,2
,LIM S,3.03,27.23%,55.355%,13.84%,0.0%,3.57%,2
,SON D,3.37,42.9533333333%,50.6666666667%,6.38%,0.0%,0.0%,3
,,,,,,,
CHEM-326,,,,,,,
,GAEDE H,3.31,41.2366666667%,48.1466666667%,10.6166666667%,0.0%,0.0%,3
,HILTY C,3.32,33.33%,66.67%,0.0%,0.0%,0.0%,1
,LUCCHESE R,3.43,54.76%,35.795%,7.45%,2.0%,0.0%,2
,WHEELER S,3.14,29.69%,57.815%,10.94%,0.0%,1.565%,2
,YEAGER D,3.43,52.3%,39.08%,8.62%,0.0%,0.0%,2
,,,,,,,
CHEM-327,,,,,,,
,BEVAN J,2.71,26.99%,19.775%,50.375%,2.855%,0.0%,2
,HILTY C,2.72,23.605%,32.37%,37.385%,5.57%,1.065%,2
,LAANE J,2.84,31.9366666667%,33.4066666667%,25.1333333333%,6.25333333333%,3.27%,3
,SON D,2.56,23.75%,35.0%,20.835%,14.585%,5.83%,2
,YEAGER D,2.71,17.7%,40.27%,38.405%,2.175%,1.45%,2
,,,,,,,
CHEM-328,,,,,,,
,FOLDEN C,2.78,20.66%,45.41%,25.765%,7.145%,1.02%,2
,HILTY C,2.63,12.2%,48.78%,29.27%,9.76%,0.0%,1
,SON D,2.65,27.22%,30.305%,27.12%,11.305%,4.06%,2
,YEAGER D,2.52,18.198%,31.618%,37.342%,10.014%,2.826%,5
,,,,,,,
CHEM-362,,,,,,,
,BLUEMEL J,2.88,19.5566666667%,52.2933333333%,25.9866666667%,0.776666666667%,1.39%,3
,DARENSBOURG M,2.88,27.1575%,40.885%,25.15%,6.8025%,0.0%,4
,,,,,,,
CHEM-415,,,,,,,
,BATTEAS J,2.57,16.39%,37.7%,34.43%,9.84%,1.64%,1
,HILTY C,2.77,24.395%,37.31%,31.125%,5.74%,1.43%,2
,RUSSELL D,2.69,6.25%,56.25%,37.5%,0.0%,0.0%,1
,SCHWEIKERT E,2.45,27.27%,22.73%,22.73%,22.73%,4.55%,1
,,,,,,,
CHEM-433,,,,,,,
,CLEARFIELD A,3.17,42.0733333333%,36.3133333333%,18.5866666667%,3.03%,0.0%,3
,GABBAI F,3.6,60.0%,40.0%,0.0%,0.0%,0.0%,1
,POWERS T,3.32,39.41%,54.705%,5.88%,0.0%,0.0%,2
,ZHOU H,3.29,46.946%,40.162%,10.42%,0.0%,2.466%,5
,,,,,,,
CHEM-434,,,,,,,
,MAWK E,2.98,27.0771428571%,48.3042857143%,21.3414285714%,2.11142857143%,1.16714285714%,7
,,,,,,,
CHEM-446,,,,,,,
,BERGBREITER D,3.11,33.33%,50.0%,11.11%,5.56%,0.0%,1
,ROMO D,3.33,40.0%,52.5%,7.5%,0.0%,0.0%,2
,YANG J,2.68,16.0%,48.0%,24.0%,12.0%,0.0%,1
,,,,,,,
CHEM-456,,,,,,,
,BEGLEY T,2.73,14.71%,55.88%,20.59%,5.88%,2.94%,1
,LINDAHL P,3.27,41.665%,43.33%,15.0%,0.0%,0.0%,2
,,,,,,,
CHEM-462,,,,,,,
,DARENSBOURG M,3.62,62.275%,37.725%,0.0%,0.0%,0.0%,2
,,,,,,,
CHEM-464,,,,,,,
,FOLDEN C,3.28,47.71%,32.71%,19.585%,0.0%,0.0%,2
,,,,,,,
CHEM-466,,,,,,,
,FANG L,3.01,32.575%,38.57%,26.68%,1.64%,0.53%,2
,WOOLEY K,3.25,44.785%,36.055%,18.07%,1.095%,0.0%,2
,,,,,,,
CHEM-481,,,,,,,
,GAEDE H,3.07,32.5683333333%,47.5966666667%,16.0833333333%,2.70833333333%,1.04166666667%,6
,GOODEY J,3.08,37.0775%,40.1675%,18.685%,1.795%,2.2725%,4
,POWERS T,2.82,18.18%,54.55%,18.18%,9.09%,0.0%,1
,,,,,,,
CHEM-483,,,,,,,
,DARENSBOURG D,3.18,30.1%,57.32%,12.585%,0.0%,0.0%,2
,,,,,,,
CHEM-489,,,,,,,
,BANERJEE S,2.9,31.58%,31.58%,31.58%,5.26%,0.0%,1
,,,,,,,
CHEM-491,,,,,,,
,CLEARFIELD A,4.0,100.0%,0.0%,0.0%,0.0%,0.0%,1
,DEPARTMENT T,4.0,100.0%,0.0%,0.0%,0.0%,0.0%,1
,GAEDE H,3.97,97.4366666667%,2.56333333333%,0.0%,0.0%,0.0%,3
,MACFARLANE R,4.0,100.0%,0.0%,0.0%,0.0%,0.0%,4
,NORTH S,4.0,100.0%,0.0%,0.0%,0.0%,0.0%,1
,ROMO D,3.84,84.1233333333%,15.8766666667%,0.0%,0.0%,0.0%,3
,SCIENCE D,4.0,100.0%,0.0%,0.0%,0.0%,0.0%,1
,TEXAS A,4.0,100.0%,0.0%,0.0%,0.0%,0.0%,1
,TOTAL S,4.0,100.0%,0.0%,0.0%,0.0%,0.0%,1
,WATANABE C,4.0,100.0%,0.0%,0.0%,0.0%,0.0%,3
,YENNELLO S,4.0,100.0%,0.0%,0.0%,0.0%,0.0%,1
,,,,,,,
CHEM-601,,,,,,,
,BATTEAS J,3.13,37.5%,37.5%,25.0%,0.0%,0.0%,1
,SCHWEIKERT E,3.4,50.0%,40.0%,10.0%,0.0%,0.0%,1
,SHELDON M,3.4,40.0%,60.0%,0.0%,0.0%,0.0%,1
,,,,,,,
CHEM-602,,,,,,,
,SON D,3.67,66.67%,33.33%,0.0%,0.0%,0.0%,1
,,,,,,,
CHEM-603,,,,,,,
,VIGH G,4.0,100.0%,0.0%,0.0%,0.0%,0.0%,1
,,,,,,,
CHEM-610,,,,,,,
,BURGESS K,3.32,43.925%,43.925%,12.16%,0.0%,0.0%,2
,ROMO D,3.56,55.56%,44.44%,0.0%,0.0%,0.0%,1
,,,,,,,
CHEM-619,,,,,,,
,SON D,3.38,50.0%,37.5%,12.5%,0.0%,0.0%,1
,,,,,,,
CHEM-621,,,,,,,
,NORTH S,3.46,53.0625%,41.58%,3.5725%,1.785%,0.0%,4
,,,,,,,
CHEM-623,,,,,,,
,BATTEAS J,3.81,83.2625%,14.9525%,1.785%,0.0%,0.0%,4
,,,,,,,
CHEM-628,,,,,,,
,BARONDEAU D,3.5,50.0%,50.0%,0.0%,0.0%,0.0%,1
,LINDAHL P,3.12,31.665%,58.335%,5.0%,0.0%,5.0%,2
,,,,,,,
CHEM-630,,,,,,,
,LIU W,3.68,71.43%,25.0%,3.57%,0.0%,0.0%,2
,,,,,,,
CHEM-631,,,,,,,
,LUCCHESE R,3.46,45.835%,54.165%,0.0%,0.0%,0.0%,2
,,,,,,,
CHEM-633,,,,,,,
,GABBAI F,3.23,41.18%,41.18%,17.65%,0.0%,0.0%,1
,NIPPE M,3.39,43.65%,51.785%,4.565%,0.0%,0.0%,2
,,,,,,,
CHEM-634,,,,,,,
,DUNBAR K,3.36,54.02%,39.2833333333%,0.0%,1.96%,4.73666666667%,3
,TEXAS A,3.4,40.0%,60.0%,0.0%,0.0%,0.0%,1
,,,,,,,
CHEM-635,,,,,,,
,CLEARFIELD A,3.31,42.31%,46.15%,11.54%,0.0%,0.0%,1
,,,,,,,
CHEM-640,,,,,,,
,WATANABE C,3.81,81.0333333333%,18.9666666667%,0.0%,0.0%,0.0%,3
,,,,,,,
CHEM-641,,,,,,,
,HALL M,3.37,36.905%,63.095%,0.0%,0.0%,0.0%,4
,,,,,,,
CHEM-642,,,,,,,
,OZEROV O,3.15,27.5075%,62.9775%,8.0425%,0.0%,1.47%,4
,,,,,,,
CHEM-644,,,,,,,
,BEGLEY T,3.6,60.0%,40.0%,0.0%,0.0%,0.0%,2
,,,,,,,
CHEM-646,,,,,,,
,GLADYSZ J,3.33,43.635%,46.21%,10.155%,0.0%,0.0%,2
,SINGLETON D,3.23,33.33%,56.41%,10.26%,0.0%,0.0%,1
,,,,,,,
CHEM-647,,,,,,,
,BLUEMEL J,3.2,34.5875%,54.44%,7.485%,3.485%,0.0%,4
,,,,,,,
CHEM-648,,,,,,,
,LUCCHESE R,3.5,50.0%,50.0%,0.0%,0.0%,0.0%,1
,WHEELER S,3.08,27.485%,53.505%,19.005%,0.0%,0.0%,2
,,,,,,,
CHEM-658,,,,,,,
,PEREZ L,4.0,100.0%,0.0%,0.0%,0.0%,0.0%,3
,,,,,,,
CHEM-670,,,,,,,
,BARONDEAU D,3.33,33.035%,66.965%,0.0%,0.0%,0.0%,2
,,,,,,,
CHEM-672,,,,,,,
,RAUSHEL F,3.47,51.78%,43.22%,5.0%,0.0%,0.0%,4
,SCIENCE D,3.2,40.0%,40.0%,20.0%,0.0%,0.0%,1
,TEXAS A,3.2,40.0%,40.0%,20.0%,0.0%,0.0%,1
,TOTAL S,3.2,40.0%,40.0%,20.0%,0.0%,0.0%,1
,,,,,,,
CHEM-673,,,,,,,
,HUGHBANKS T,3.46,53.85%,38.46%,7.69%,0.0%,0.0%,2
,,,,,,,
CHEM-689,,,,,,,
,COLLEGE O,3.47,52.63%,42.11%,5.26%,0.0%,0.0%,1
,DARENSBOURG D,3.47,52.63%,42.11%,5.26%,0.0%,0.0%,1
,DEPARTMENT T,3.47,52.63%,42.11%,5.26%,0.0%,0.0%,1
,FOLDEN C,3.56,55.56%,44.44%,0.0%,0.0%,0.0%,1
,HUGHBANKS T,3.21,42.11%,42.11%,10.53%,5.26%,0.0%,1
,RUSSELL D,3.0,23.08%,69.23%,0.0%,0.0%,7.69%,1
,SCIENCE D,3.47,52.63%,42.11%,5.26%,0.0%,0.0%,1
,TEXAS A,3.47,52.63%,42.11%,5.26%,0.0%,0.0%,1
,TOTAL S,3.47,52.63%,42.11%,5.26%,0.0%,0.0%,1
,WOOLEY K,3.88,87.5%,12.5%,0.0%,0.0%,0.0%,1
,,,,,,,
ECEN-424,,,,,,,
,SHAKKOTTAI S,2.94,34.38%,31.25%,31.25%,0.0%,3.13%,1
,,,,,,,
MATH-102,,,,,,,
,KLEIN G,1.95,13.51%,27.03%,24.32%,10.81%,24.32%,1
,SCHRADER T,3.13,50.0%,25.0%,12.5%,12.5%,0.0%,1
,,,,,,,
MATH-131,,,,,,,
,ALLEN A,2.27,18.89%,27.22%,27.22%,16.11%,10.56%,1
,BOLLINGER K,2.12,10.1%,32.9%,24.76%,23.13%,9.12%,1
,CAUSEY R,2.07,20.0%,26.67%,13.33%,20.0%,20.0%,1
,CREAMER D,2.6,28.3%,30.19%,20.75%,15.09%,5.66%,1
,DROST M,2.34,21.43%,26.79%,26.79%,14.29%,10.71%,1
,GREEN N,2.69,36.73%,22.45%,18.37%,18.37%,4.08%,1
,HAMM K,2.71,21.43%,50.0%,14.29%,7.14%,7.14%,1
,JOHNSON M,2.34,18.18%,29.55%,27.27%,18.18%,6.82%,1
,KOGAN R,2.6,20.9%,43.28%,17.91%,10.45%,7.46%,1
,LEWIS J,2.54,25.0%,32.14%,21.43%,14.29%,7.14%,1
,LIU W,2.64,28.885%,32.635%,20.115%,10.41%,7.955%,2
,MUDDAMALLAPPA M,2.52,25.0%,34.09%,20.45%,9.09%,11.36%,1
,PORTER C,2.89,33.33%,30.56%,27.78%,8.33%,0.0%,1
,SCHOLZE S,2.67,33.33%,16.67%,41.67%,0.0%,8.33%,1
,SENGUPTA S,2.42,30.2%,26.185%,17.775%,13.4%,12.435%,2
,SHANKARA N,2.45,29.03%,22.58%,25.81%,9.68%,12.9%,1
,TERZIOGLU F,3.17,50.0%,16.67%,33.33%,0.0%,0.0%,1
,ZHANG Z,2.72,27.85%,34.18%,20.25%,17.72%,0.0%,1
,,,,,,,
MATH-141,,,,,,,
,ARORA R,2.6,24.025%,32.245%,26.74%,13.73%,3.26%,2
,BOLLINGER K,2.61,14.89%,41.84%,34.04%,7.8%,1.42%,1
,EPSTEIN J,2.26,17.0925%,27.195%,28.9025%,18.755%,8.055%,4
,FRANCISCO B,2.94,27.08%,52.08%,12.5%,4.17%,4.17%,1
,GIN C,2.55,21.05%,34.21%,28.95%,10.09%,5.7%,1
,GUAN Y,2.65,31.48%,33.33%,11.11%,16.67%,7.41%,1
,KAHLIG J,2.72,28.2233333333%,34.0566666667%,22.9733333333%,12.0833333333%,2.66666666667%,3
,KESSLER J,2.19,21.05%,26.32%,18.42%,19.3%,14.91%,1
,KILMER K,2.53,20.74%,34.03%,28.365%,11.075%,5.79%,2
,KLEIN G,2.62,17.63%,41.7%,28.01%,9.13%,3.53%,1
,LEWIS J,2.81,36.76%,32.02%,17.0%,9.49%,4.74%,1
,PEARLSTEIN R,2.0,16.67%,23.33%,23.33%,16.67%,20.0%,1
,REIHANI K,2.17,11.57%,27.64%,36.175%,15.1%,9.51%,2
,SENGUPTA S,2.48,26.735%,25.66%,23.935%,16.685%,6.99%,2
,SIMPSON N,2.68,22.8566666667%,42.4166666667%,21.14%,7.38333333333%,6.2%,3
,ZARESTKY J,2.24,14.23%,28.555%,33.295%,14.72%,9.205%,2
,,,,,,,
MATH-142,,,,,,,
,ALLEN A,2.22,23.59625%,21.69125%,24.71375%,17.43125%,12.57%,8
,BARRERA R,2.5,23.91%,30.43%,28.26%,6.52%,10.87%,1
,BENLI M,2.16,14.29%,33.33%,22.22%,14.29%,15.87%,1
,BOLLINGER K,2.35,15.24%,32.01%,34.45%,11.59%,6.71%,1
,DO N,1.93,14.29%,21.43%,28.57%,14.29%,21.43%,1
,DROST M,2.36,18.02%,33.625%,22.99%,17.19%,8.18%,2
,FRANCISCO B,2.7,32.08%,28.3%,20.75%,15.09%,3.77%,1
,GEZER N,2.36,18.18%,36.36%,27.27%,0.0%,18.18%,1
,GUSTAFSON R,2.34,18.81%,30.73%,26.15%,14.68%,9.63%,1
,HESTER Y,2.89,36.126%,34.554%,16.838%,7.606%,4.872%,5
,KESSLER J,1.91,8.7%,8.7%,56.52%,17.39%,8.7%,1
,KHA M,2.7,30.0%,30.0%,20.0%,20.0%,0.0%,1
,KILMER K,2.45,16.89%,33.6333333333%,28.08%,16.2866666667%,5.11%,3
,KIM J,2.68,29.195%,30.685%,25.37%,9.005%,5.745%,2
,LIU J,2.33,33.33%,16.67%,16.67%,16.67%,16.67%,1
,LIU W,2.52,21.74%,34.78%,26.09%,8.7%,8.7%,1
,MAI N,2.33,13.33%,26.67%,40.0%,20.0%,0.0%,1
,MANUEL D,2.6,25.22%,34.78%,20.87%,13.04%,6.09%,1
,ONICA C,1.83,9.24%,25.3%,27.71%,18.88%,18.88%,1
,ORCHARD P,1.71,7.01%,21.76%,33.135%,16.625%,21.47%,2
,SENGUPTA S,2.6,20.0%,30.0%,40.0%,10.0%,0.0%,1
,SIMPSON N,2.92,34.0725%,34.9175%,21.35%,8.5725%,1.0875%,4
,VOROBETS M,2.56,26.69%,32.74%,19.93%,11.74%,8.9%,1
,YANG Y,2.62,31.25%,25.0%,28.13%,9.38%,6.25%,1
,,,,,,,
MATH-147,,,,,,,
,EPSTEIN J,2.6,19.35%,32.26%,38.71%,9.68%,0.0%,1
,KESSLER J,1.9,11.49%,18.39%,35.63%,18.39%,16.09%,1
,KLEIN G,1.61,3.39%,16.95%,33.9%,28.81%,16.95%,1
,LAHODNY G,2.04,12.9466666667%,21.99%,34.7233333333%,17.1233333333%,13.22%,3
,POLLOCK S,2.97,38.89%,27.78%,22.22%,3.7%,7.41%,1
,RAMSEY H,2.5,37.5%,25.0%,12.5%,0.0%,25.0%,1
,SHIU A,2.77,31.045%,29.67%,28.97%,5.82%,4.495%,2
,,,,,,,
MATH-148,,,,,,,
,HESTER Y,2.38,1.925%,48.72%,38.78%,5.77%,4.81%,2
,KLEIN G,2.13,14.29%,25.71%,37.14%,5.71%,17.14%,1
,LAHODNY G,2.36,17.835%,32.905%,27.255%,13.725%,8.275%,2
,RAMSEY H,2.59,23.94%,35.9333333333%,24.2333333333%,5.96666666667%,9.93%,3
,,,,,,,
MATH-150,,,,,,,
,ESER Z,1.89,11.27%,18.31%,36.62%,15.49%,18.31%,1
,FRY E,2.01,12.4057142857%,22.6557142857%,31.7528571429%,20.1414285714%,13.0457142857%,7
,KIM J,2.45,15.12%,32.95%,37.21%,9.69%,5.04%,1
,LYNCH B,1.95,11.9%,23.81%,29.76%,16.07%,18.45%,1
,PHILLIPSON M,2.29,14.29%,33.67%,26.53%,18.37%,7.14%,1
,SCARBOROUGH S,1.99,12.5533333333%,23.27%,28.6733333333%,22.09%,13.41%,3
,ZHANG Y,1.93,9.09%,24.68%,25.97%,31.17%,9.09%,1
,,,,,,,
MATH-151,,,,,,,
,AURISPA B,2.19,17.245%,27.045%,26.39%,14.34%,14.98%,2
,AUSTIN A,2.65,28.965%,31.285%,23.52%,9.47%,6.755%,2
,AVSEC S,2.58,21.74%,34.78%,32.61%,5.43%,5.43%,1
,BELMONTE A,2.15,15.1266666667%,26.3033333333%,26.0233333333%,17.6666666667%,14.8766666667%,3
,BRANNAN M,2.67,19.05%,42.86%,28.57%,4.76%,4.76%,1
,DAFNIS N,2.56,21.88%,31.25%,34.38%,6.25%,6.25%,1
,DEWOLFF T,2.15,13.89%,28.555%,28.11%,16.945%,12.5%,2
,HARRIS I,2.33,15.25%,31.36%,31.36%,13.56%,8.47%,1
,KAHLIG J,2.25,19.69%,29.57%,21.735%,18.08%,10.93%,2
,KIM J,2.89,33.23%,35.738%,20.838%,6.156%,4.04%,5
,KIRAL E,2.42,14.62%,32.16%,39.18%,9.36%,4.68%,1
,LAHODNY G,2.35,16.95%,25.42%,35.59%,13.56%,8.47%,1
,LAMBY P,2.54,21.35%,28.09%,37.08%,10.11%,3.37%,1
,LARIOS A,2.75,33.96%,26.42%,22.64%,7.55%,9.43%,1
,LEE S,2.63,25.5966666667%,30.7133333333%,27.42%,11.31%,4.96333333333%,3
,LEWIS J,2.26,17.62%,29.13%,24.7875%,17.1975%,11.2625%,4
,LOZOVSKIY A,2.02,14.16%,24.51%,29.52%,17.685%,14.125%,2
,MANUEL D,2.13,7.69%,33.73%,28.99%,21.3%,8.28%,1
,ONICA C,2.43,23.17%,25.61%,26.83%,18.29%,6.1%,1
,PEARLSTEIN R,2.06,9.61%,26.29%,35.5466666667%,19.81%,8.74333333333%,3
,PLAVNIK J,2.36,23.78%,26.57%,21.68%,16.78%,11.19%,1
,ROQUE S,2.1,13.09%,26.115%,33.005%,14.15%,13.64%,2
,SENGUPTA S,2.4,19.12%,29.0633333333%,31.8366666667%,13.3333333333%,6.65%,3
,SHATALOV O,2.33,23.26%,25.58%,25.58%,13.95%,11.63%,1
,SHI K,2.43,16.1133333333%,27.96%,38.4466666667%,7.31%,10.1633333333%,3
,SUKHTAYEV A,2.64,22.61%,35.94%,27.495%,10.06%,3.905%,2
,TAKHIROV A,2.62,23.81%,33.33%,28.57%,9.52%,4.76%,1
,TOMAS I,1.85,8.74%,22.56%,30.92%,17.575%,20.205%,2
,VALETTAS P,2.13,4.75%,36.265%,33.49%,18.72%,6.775%,2
,WANG K,2.67,34.29%,24.29%,25.71%,10.0%,5.71%,1
,WHITFIELD J,2.78,32.12%,32.75%,20.485%,10.53%,4.12%,2
,YANG R,2.68,22.22%,38.89%,27.78%,11.11%,0.0%,1
,YASSKIN P,2.67,38.1%,28.57%,4.76%,19.05%,9.52%,1
,,,,,,,
MATH-152,,,,,,,
,AURISPA B,2.69,30.05%,30.6333333333%,25.0233333333%,9.17%,5.12333333333%,3
,AUSTIN A,2.7,27.4766666667%,33.07%,25.6033333333%,8.88666666667%,4.96333333333%,3
,BELMONTE A,2.73,28.57%,29.67%,27.47%,12.09%,2.2%,1
,BENLI M,2.79,26.32%,36.84%,26.32%,10.53%,0.0%,1
,ERDELYI T,2.32,20.165%,27.33%,24.5975%,19.2975%,8.61%,4
,GUO Y,2.08,16.07%,25.0%,26.79%,16.07%,16.07%,1
,GUSTAFSON R,2.83,31.245%,35.495%,24.4%,3.52%,5.34%,2
,IKENMEYER C,2.51,21.23%,32.88%,30.14%,9.59%,6.16%,1
,KAHLIG J,2.35,21.8666666667%,28.1366666667%,25.1766666667%,13.18%,11.6366666667%,3
,KORDEK K,2.7,20.0%,40.0%,30.0%,10.0%,0.0%,1
,LAHODNY G,2.2,19.79%,29.17%,20.83%,13.54%,16.67%,1
,LEWIS J,2.38,19.935%,24.355%,34.58%,14.8175%,6.315%,4
,LIANG C,2.49,17.3666666667%,33.9433333333%,32.9166666667%,11.8966666667%,3.87666666667%,3
,LINHART J,2.61,33.33%,22.22%,23.15%,12.96%,8.33%,1
,LYNCH B,2.67,25.06%,37.6%,21.695%,10.425%,5.22%,2
,MANUEL D,2.72,30.72%,31.37%,22.88%,7.84%,7.19%,1
,ONEILL C,2.51,17.36%,35.15%,32.66%,10.62%,4.205%,2
,PEARLSTEIN R,2.52,22.7%,29.45%,26.99%,13.5%,7.36%,1
,POLLOCK S,2.35,23.03%,26.67%,27.88%,10.91%,11.52%,1
,REIHANI K,2.59,20.75%,36.79%,25.94%,10.85%,5.66%,1
,ROQUE S,2.47,22.8533333333%,28.6266666667%,31.2433333333%,9.42333333333%,7.85%,3
,SAROGLOU C,2.74,32.1433333333%,27.5433333333%,25.21%,11.91%,3.19%,3
,SENGUPTA S,2.42,26.99%,19.7%,28.8166666667%,15.4233333333%,9.07333333333%,3
,SHI K,1.96,2.0%,18.0%,52.0%,24.0%,4.0%,1
,VOROBETS M,2.66,27.06%,31.1825%,25.7175%,12.3675%,3.6725%,4
,WANG K,2.63,14.81%,48.15%,22.22%,14.81%,0.0%,1
,WHITE J,2.75,27.33%,34.67%,24.0%,10.0%,4.0%,1
,WILLIAMS J,2.53,13.95%,44.19%,29.07%,10.47%,2.33%,1
,YANG H,2.44,25.97%,19.48%,24.68%,22.08%,7.79%,1
,YASSKIN P,3.04,40.11%,35.645%,14.305%,5.6%,4.34%,2
,ZEYTUNCU Y,2.67,28.42%,35.79%,16.84%,12.63%,6.32%,1
,,,,,,,
MATH-166,,,,,,,
,ARORA R,2.82,29.5366666667%,36.4466666667%,22.27%,9.83%,1.92333333333%,3
,CARROLL D,3.12,45.68%,33.33%,12.35%,4.94%,3.7%,1
,CARTER T,2.75,34.18%,32.91%,15.19%,8.86%,8.86%,1
,DUTTA S,2.77,32.08%,30.19%,24.53%,9.43%,3.77%,1
,EPSTEIN J,3.37,47.37%,42.11%,10.53%,0.0%,0.0%,1
,FARNSWORTH C,2.47,12.24%,46.94%,22.45%,12.24%,6.12%,1
,GIN C,2.7,29.67%,31.87%,21.98%,12.09%,4.4%,1
,KAHLIG J,2.4,20.73%,34.15%,19.51%,15.85%,9.76%,1
,KESSLER J,2.63,22.29%,37.0125%,27.8725%,8.3675%,4.4625%,4
,KLEIN G,2.7,23.33%,40.0%,23.33%,10.0%,3.33%,1
,LAN R,2.71,30.95%,26.19%,29.76%,9.52%,3.57%,1
,LAUREN G,2.46,7.25%,47.83%,30.43%,13.04%,1.45%,1
,LIU W,2.64,23.81%,38.1%,19.05%,16.67%,2.38%,1
,MANUEL D,2.58,20.455%,36.695%,26.15%,13.885%,2.81%,2
,NOLES J,2.46,15.79%,38.16%,27.63%,13.16%,5.26%,1
,ONICA C,2.3,17.28%,29.63%,30.86%,9.88%,12.35%,1
,RAINONE T,2.59,26.76%,33.8%,16.9%,16.9%,5.63%,1
,ROWE S,3.06,40.23%,35.63%,14.94%,8.05%,1.15%,1
,TIAN J,2.25,16.07%,30.36%,23.21%,23.21%,7.14%,1
,WILLIAMS R,2.95,37.7%,36.07%,13.11%,9.84%,3.28%,1
,ZHOU Z,2.7,29.03%,31.18%,23.66%,12.9%,3.23%,1
,,,,,,,
MATH-167,,,,,,,
,ARORA R,2.93,36.94%,31.21%,21.66%,8.28%,1.91%,1
,BARRERA R,2.93,33.33%,36.67%,23.33%,3.33%,3.33%,1
,BOLLINGER K,2.77,25.19%,41.11%,22.525%,7.88%,3.3%,2
,CARTER T,2.55,19.3%,37.4833333333%,26.64%,12.39%,4.18666666667%,3
,EPSTEIN J,2.47,15.625%,33.0%,36.805%,12.315%,2.255%,2
,GHOSH A,2.43,13.93%,36.89%,31.97%,10.66%,6.56%,1
,KLEIN G,2.27,8.11%,37.84%,35.14%,10.81%,8.11%,1
,ONICA C,2.14,10.785%,31.61%,29.73%,19.25%,8.625%,2
,PHILLIPSON K,2.7,23.91%,36.96%,26.09%,10.87%,2.17%,1
